(+1 -43 -115 -27 -28 +39 -60 -30 +84 -50 -86 -99 -94 -26 -124 +73 +34 -18 +70 -107 +102 -90 +83 -51 +20 +14 -105 +61 +59 -82 +67 -31 -101 +108 +118 +48 -80 -42 +112 +122 -78 +92 +52 +98 -121 +47 -113 -62 +93 -64 +110 +55 -111 +100 -76 +75 -96 -3 +127 +38 -40 +21 -74 +49 +104 +85 -87 -58 -36 -10 +16 +5 +123 -114 -128 +9 +45 +57 +125 +8 +89 +109 -79 -81 +46 +54 -25 +19 -11 +103 +24 -66 -53 +15 -65 +41 -95 +120 +68 +69 -44 -7 +77 -117 -71 +33 +126 -29 +63 +13 +88 +72 +106 +35 +2 -22 -17 +23 -12 -56 -37 +4 -119 +97 -116 +91 -32 +6)
(+1 -2 -35 -106 -72 -88 -13 -63 +29 -126 -33 +71 +117 -77 +7 +44 -69 -68 -120 +95 -41 +65 -15 +53 +66 -24 -103 +11 -19 +25 -54 -46 +81 +79 -109 -89 -8 -125 -57 -45 -9 +128 +114 -123 -5 -16 +10 +36 +58 +87 -85 -104 -49 +74 -21 +40 -38 -127 +3 +96 -75 +76 -100 +111 -55 -110 +64 -93 +62 +113 -47 +121 -98 -52 -92 +78 -122 -112 +42 +80 -48 -118 -108 +101 +31 -67 +82 -59 -61 +105 -14 -20 +51 -83 +90 -102 +107 -70 +18 -34 -73 +124 +26 +94 +99 +86 +50 -84 +30 +60 -39 +28 +27 +115 +43 -22 -17 +23 -12 -56 -37 +4 -119 +97 -116 +91 -32 +6)
(+1 +2 -35 -106 -72 -88 -13 -63 +29 -126 -33 +71 +117 -77 +7 +44 -69 -68 -120 +95 -41 +65 -15 +53 +66 -24 -103 +11 -19 +25 -54 -46 +81 +79 -109 -89 -8 -125 -57 -45 -9 +128 +114 -123 -5 -16 +10 +36 +58 +87 -85 -104 -49 +74 -21 +40 -38 -127 +3 +96 -75 +76 -100 +111 -55 -110 +64 -93 +62 +113 -47 +121 -98 -52 -92 +78 -122 -112 +42 +80 -48 -118 -108 +101 +31 -67 +82 -59 -61 +105 -14 -20 +51 -83 +90 -102 +107 -70 +18 -34 -73 +124 +26 +94 +99 +86 +50 -84 +30 +60 -39 +28 +27 +115 +43 -22 -17 +23 -12 -56 -37 +4 -119 +97 -116 +91 -32 +6)
(+1 +2 -3 +127 +38 -40 +21 -74 +49 +104 +85 -87 -58 -36 -10 +16 +5 +123 -114 -128 +9 +45 +57 +125 +8 +89 +109 -79 -81 +46 +54 -25 +19 -11 +103 +24 -66 -53 +15 -65 +41 -95 +120 +68 +69 -44 -7 +77 -117 -71 +33 +126 -29 +63 +13 +88 +72 +106 +35 +96 -75 +76 -100 +111 -55 -110 +64 -93 +62 +113 -47 +121 -98 -52 -92 +78 -122 -112 +42 +80 -48 -118 -108 +101 +31 -67 +82 -59 -61 +105 -14 -20 +51 -83 +90 -102 +107 -70 +18 -34 -73 +124 +26 +94 +99 +86 +50 -84 +30 +60 -39 +28 +27 +115 +43 -22 -17 +23 -12 -56 -37 +4 -119 +97 -116 +91 -32 +6)
(+1 +2 +3 +127 +38 -40 +21 -74 +49 +104 +85 -87 -58 -36 -10 +16 +5 +123 -114 -128 +9 +45 +57 +125 +8 +89 +109 -79 -81 +46 +54 -25 +19 -11 +103 +24 -66 -53 +15 -65 +41 -95 +120 +68 +69 -44 -7 +77 -117 -71 +33 +126 -29 +63 +13 +88 +72 +106 +35 +96 -75 +76 -100 +111 -55 -110 +64 -93 +62 +113 -47 +121 -98 -52 -92 +78 -122 -112 +42 +80 -48 -118 -108 +101 +31 -67 +82 -59 -61 +105 -14 -20 +51 -83 +90 -102 +107 -70 +18 -34 -73 +124 +26 +94 +99 +86 +50 -84 +30 +60 -39 +28 +27 +115 +43 -22 -17 +23 -12 -56 -37 +4 -119 +97 -116 +91 -32 +6)
(+1 +2 +3 -4 +37 +56 +12 -23 +17 +22 -43 -115 -27 -28 +39 -60 -30 +84 -50 -86 -99 -94 -26 -124 +73 +34 -18 +70 -107 +102 -90 +83 -51 +20 +14 -105 +61 +59 -82 +67 -31 -101 +108 +118 +48 -80 -42 +112 +122 -78 +92 +52 +98 -121 +47 -113 -62 +93 -64 +110 +55 -111 +100 -76 +75 -96 -35 -106 -72 -88 -13 -63 +29 -126 -33 +71 +117 -77 +7 +44 -69 -68 -120 +95 -41 +65 -15 +53 +66 -24 -103 +11 -19 +25 -54 -46 +81 +79 -109 -89 -8 -125 -57 -45 -9 +128 +114 -123 -5 -16 +10 +36 +58 +87 -85 -104 -49 +74 -21 +40 -38 -127 -119 +97 -116 +91 -32 +6)
(+1 +2 +3 +4 +37 +56 +12 -23 +17 +22 -43 -115 -27 -28 +39 -60 -30 +84 -50 -86 -99 -94 -26 -124 +73 +34 -18 +70 -107 +102 -90 +83 -51 +20 +14 -105 +61 +59 -82 +67 -31 -101 +108 +118 +48 -80 -42 +112 +122 -78 +92 +52 +98 -121 +47 -113 -62 +93 -64 +110 +55 -111 +100 -76 +75 -96 -35 -106 -72 -88 -13 -63 +29 -126 -33 +71 +117 -77 +7 +44 -69 -68 -120 +95 -41 +65 -15 +53 +66 -24 -103 +11 -19 +25 -54 -46 +81 +79 -109 -89 -8 -125 -57 -45 -9 +128 +114 -123 -5 -16 +10 +36 +58 +87 -85 -104 -49 +74 -21 +40 -38 -127 -119 +97 -116 +91 -32 +6)
(+1 +2 +3 +4 +5 +123 -114 -128 +9 +45 +57 +125 +8 +89 +109 -79 -81 +46 +54 -25 +19 -11 +103 +24 -66 -53 +15 -65 +41 -95 +120 +68 +69 -44 -7 +77 -117 -71 +33 +126 -29 +63 +13 +88 +72 +106 +35 +96 -75 +76 -100 +111 -55 -110 +64 -93 +62 +113 -47 +121 -98 -52 -92 +78 -122 -112 +42 +80 -48 -118 -108 +101 +31 -67 +82 -59 -61 +105 -14 -20 +51 -83 +90 -102 +107 -70 +18 -34 -73 +124 +26 +94 +99 +86 +50 -84 +30 +60 -39 +28 +27 +115 +43 -22 -17 +23 -12 -56 -37 -16 +10 +36 +58 +87 -85 -104 -49 +74 -21 +40 -38 -127 -119 +97 -116 +91 -32 +6)
(+1 +2 +3 +4 +5 -6 +32 -91 +116 -97 +119 +127 +38 -40 +21 -74 +49 +104 +85 -87 -58 -36 -10 +16 +37 +56 +12 -23 +17 +22 -43 -115 -27 -28 +39 -60 -30 +84 -50 -86 -99 -94 -26 -124 +73 +34 -18 +70 -107 +102 -90 +83 -51 +20 +14 -105 +61 +59 -82 +67 -31 -101 +108 +118 +48 -80 -42 +112 +122 -78 +92 +52 +98 -121 +47 -113 -62 +93 -64 +110 +55 -111 +100 -76 +75 -96 -35 -106 -72 -88 -13 -63 +29 -126 -33 +71 +117 -77 +7 +44 -69 -68 -120 +95 -41 +65 -15 +53 +66 -24 -103 +11 -19 +25 -54 -46 +81 +79 -109 -89 -8 -125 -57 -45 -9 +128 +114 -123)
(+1 +2 +3 +4 +5 +6 +32 -91 +116 -97 +119 +127 +38 -40 +21 -74 +49 +104 +85 -87 -58 -36 -10 +16 +37 +56 +12 -23 +17 +22 -43 -115 -27 -28 +39 -60 -30 +84 -50 -86 -99 -94 -26 -124 +73 +34 -18 +70 -107 +102 -90 +83 -51 +20 +14 -105 +61 +59 -82 +67 -31 -101 +108 +118 +48 -80 -42 +112 +122 -78 +92 +52 +98 -121 +47 -113 -62 +93 -64 +110 +55 -111 +100 -76 +75 -96 -35 -106 -72 -88 -13 -63 +29 -126 -33 +71 +117 -77 +7 +44 -69 -68 -120 +95 -41 +65 -15 +53 +66 -24 -103 +11 -19 +25 -54 -46 +81 +79 -109 -89 -8 -125 -57 -45 -9 +128 +114 -123)
(+1 +2 +3 +4 +5 +6 -7 +77 -117 -71 +33 +126 -29 +63 +13 +88 +72 +106 +35 +96 -75 +76 -100 +111 -55 -110 +64 -93 +62 +113 -47 +121 -98 -52 -92 +78 -122 -112 +42 +80 -48 -118 -108 +101 +31 -67 +82 -59 -61 +105 -14 -20 +51 -83 +90 -102 +107 -70 +18 -34 -73 +124 +26 +94 +99 +86 +50 -84 +30 +60 -39 +28 +27 +115 +43 -22 -17 +23 -12 -56 -37 -16 +10 +36 +58 +87 -85 -104 -49 +74 -21 +40 -38 -127 -119 +97 -116 +91 -32 +44 -69 -68 -120 +95 -41 +65 -15 +53 +66 -24 -103 +11 -19 +25 -54 -46 +81 +79 -109 -89 -8 -125 -57 -45 -9 +128 +114 -123)
(+1 +2 +3 +4 +5 +6 +7 +77 -117 -71 +33 +126 -29 +63 +13 +88 +72 +106 +35 +96 -75 +76 -100 +111 -55 -110 +64 -93 +62 +113 -47 +121 -98 -52 -92 +78 -122 -112 +42 +80 -48 -118 -108 +101 +31 -67 +82 -59 -61 +105 -14 -20 +51 -83 +90 -102 +107 -70 +18 -34 -73 +124 +26 +94 +99 +86 +50 -84 +30 +60 -39 +28 +27 +115 +43 -22 -17 +23 -12 -56 -37 -16 +10 +36 +58 +87 -85 -104 -49 +74 -21 +40 -38 -127 -119 +97 -116 +91 -32 +44 -69 -68 -120 +95 -41 +65 -15 +53 +66 -24 -103 +11 -19 +25 -54 -46 +81 +79 -109 -89 -8 -125 -57 -45 -9 +128 +114 -123)
(+1 +2 +3 +4 +5 +6 +7 +8 +89 +109 -79 -81 +46 +54 -25 +19 -11 +103 +24 -66 -53 +15 -65 +41 -95 +120 +68 +69 -44 +32 -91 +116 -97 +119 +127 +38 -40 +21 -74 +49 +104 +85 -87 -58 -36 -10 +16 +37 +56 +12 -23 +17 +22 -43 -115 -27 -28 +39 -60 -30 +84 -50 -86 -99 -94 -26 -124 +73 +34 -18 +70 -107 +102 -90 +83 -51 +20 +14 -105 +61 +59 -82 +67 -31 -101 +108 +118 +48 -80 -42 +112 +122 -78 +92 +52 +98 -121 +47 -113 -62 +93 -64 +110 +55 -111 +100 -76 +75 -96 -35 -106 -72 -88 -13 -63 +29 -126 -33 +71 +117 -77 -125 -57 -45 -9 +128 +114 -123)
(+1 +2 +3 +4 +5 +6 +7 +8 +9 +45 +57 +125 +77 -117 -71 +33 +126 -29 +63 +13 +88 +72 +106 +35 +96 -75 +76 -100 +111 -55 -110 +64 -93 +62 +113 -47 +121 -98 -52 -92 +78 -122 -112 +42 +80 -48 -118 -108 +101 +31 -67 +82 -59 -61 +105 -14 -20 +51 -83 +90 -102 +107 -70 +18 -34 -73 +124 +26 +94 +99 +86 +50 -84 +30 +60 -39 +28 +27 +115 +43 -22 -17 +23 -12 -56 -37 -16 +10 +36 +58 +87 -85 -104 -49 +74 -21 +40 -38 -127 -119 +97 -116 +91 -32 +44 -69 -68 -120 +95 -41 +65 -15 +53 +66 -24 -103 +11 -19 +25 -54 -46 +81 +79 -109 -89 +128 +114 -123)
(+1 +2 +3 +4 +5 +6 +7 +8 +9 -10 +16 +37 +56 +12 -23 +17 +22 -43 -115 -27 -28 +39 -60 -30 +84 -50 -86 -99 -94 -26 -124 +73 +34 -18 +70 -107 +102 -90 +83 -51 +20 +14 -105 +61 +59 -82 +67 -31 -101 +108 +118 +48 -80 -42 +112 +122 -78 +92 +52 +98 -121 +47 -113 -62 +93 -64 +110 +55 -111 +100 -76 +75 -96 -35 -106 -72 -88 -13 -63 +29 -126 -33 +71 +117 -77 -125 -57 -45 +36 +58 +87 -85 -104 -49 +74 -21 +40 -38 -127 -119 +97 -116 +91 -32 +44 -69 -68 -120 +95 -41 +65 -15 +53 +66 -24 -103 +11 -19 +25 -54 -46 +81 +79 -109 -89 +128 +114 -123)
(+1 +2 +3 +4 +5 +6 +7 +8 +9 +10 +16 +37 +56 +12 -23 +17 +22 -43 -115 -27 -28 +39 -60 -30 +84 -50 -86 -99 -94 -26 -124 +73 +34 -18 +70 -107 +102 -90 +83 -51 +20 +14 -105 +61 +59 -82 +67 -31 -101 +108 +118 +48 -80 -42 +112 +122 -78 +92 +52 +98 -121 +47 -113 -62 +93 -64 +110 +55 -111 +100 -76 +75 -96 -35 -106 -72 -88 -13 -63 +29 -126 -33 +71 +117 -77 -125 -57 -45 +36 +58 +87 -85 -104 -49 +74 -21 +40 -38 -127 -119 +97 -116 +91 -32 +44 -69 -68 -120 +95 -41 +65 -15 +53 +66 -24 -103 +11 -19 +25 -54 -46 +81 +79 -109 -89 +128 +114 -123)
(+1 +2 +3 +4 +5 +6 +7 +8 +9 +10 -11 +103 +24 -66 -53 +15 -65 +41 -95 +120 +68 +69 -44 +32 -91 +116 -97 +119 +127 +38 -40 +21 -74 +49 +104 +85 -87 -58 -36 +45 +57 +125 +77 -117 -71 +33 +126 -29 +63 +13 +88 +72 +106 +35 +96 -75 +76 -100 +111 -55 -110 +64 -93 +62 +113 -47 +121 -98 -52 -92 +78 -122 -112 +42 +80 -48 -118 -108 +101 +31 -67 +82 -59 -61 +105 -14 -20 +51 -83 +90 -102 +107 -70 +18 -34 -73 +124 +26 +94 +99 +86 +50 -84 +30 +60 -39 +28 +27 +115 +43 -22 -17 +23 -12 -56 -37 -16 -19 +25 -54 -46 +81 +79 -109 -89 +128 +114 -123)
(+1 +2 +3 +4 +5 +6 +7 +8 +9 +10 +11 +103 +24 -66 -53 +15 -65 +41 -95 +120 +68 +69 -44 +32 -91 +116 -97 +119 +127 +38 -40 +21 -74 +49 +104 +85 -87 -58 -36 +45 +57 +125 +77 -117 -71 +33 +126 -29 +63 +13 +88 +72 +106 +35 +96 -75 +76 -100 +111 -55 -110 +64 -93 +62 +113 -47 +121 -98 -52 -92 +78 -122 -112 +42 +80 -48 -118 -108 +101 +31 -67 +82 -59 -61 +105 -14 -20 +51 -83 +90 -102 +107 -70 +18 -34 -73 +124 +26 +94 +99 +86 +50 -84 +30 +60 -39 +28 +27 +115 +43 -22 -17 +23 -12 -56 -37 -16 -19 +25 -54 -46 +81 +79 -109 -89 +128 +114 -123)
(+1 +2 +3 +4 +5 +6 +7 +8 +9 +10 +11 +12 -23 +17 +22 -43 -115 -27 -28 +39 -60 -30 +84 -50 -86 -99 -94 -26 -124 +73 +34 -18 +70 -107 +102 -90 +83 -51 +20 +14 -105 +61 +59 -82 +67 -31 -101 +108 +118 +48 -80 -42 +112 +122 -78 +92 +52 +98 -121 +47 -113 -62 +93 -64 +110 +55 -111 +100 -76 +75 -96 -35 -106 -72 -88 -13 -63 +29 -126 -33 +71 +117 -77 -125 -57 -45 +36 +58 +87 -85 -104 -49 +74 -21 +40 -38 -127 -119 +97 -116 +91 -32 +44 -69 -68 -120 +95 -41 +65 -15 +53 +66 -24 -103 -56 -37 -16 -19 +25 -54 -46 +81 +79 -109 -89 +128 +114 -123)
(+1 +2 +3 +4 +5 +6 +7 +8 +9 +10 +11 +12 +13 +88 +72 +106 +35 +96 -75 +76 -100 +111 -55 -110 +64 -93 +62 +113 -47 +121 -98 -52 -92 +78 -122 -112 +42 +80 -48 -118 -108 +101 +31 -67 +82 -59 -61 +105 -14 -20 +51 -83 +90 -102 +107 -70 +18 -34 -73 +124 +26 +94 +99 +86 +50 -84 +30 +60 -39 +28 +27 +115 +43 -22 -17 +23 -63 +29 -126 -33 +71 +117 -77 -125 -57 -45 +36 +58 +87 -85 -104 -49 +74 -21 +40 -38 -127 -119 +97 -116 +91 -32 +44 -69 -68 -120 +95 -41 +65 -15 +53 +66 -24 -103 -56 -37 -16 -19 +25 -54 -46 +81 +79 -109 -89 +128 +114 -123)
(+1 +2 +3 +4 +5 +6 +7 +8 +9 +10 +11 +12 +13 +14 -105 +61 +59 -82 +67 -31 -101 +108 +118 +48 -80 -42 +112 +122 -78 +92 +52 +98 -121 +47 -113 -62 +93 -64 +110 +55 -111 +100 -76 +75 -96 -35 -106 -72 -88 -20 +51 -83 +90 -102 +107 -70 +18 -34 -73 +124 +26 +94 +99 +86 +50 -84 +30 +60 -39 +28 +27 +115 +43 -22 -17 +23 -63 +29 -126 -33 +71 +117 -77 -125 -57 -45 +36 +58 +87 -85 -104 -49 +74 -21 +40 -38 -127 -119 +97 -116 +91 -32 +44 -69 -68 -120 +95 -41 +65 -15 +53 +66 -24 -103 -56 -37 -16 -19 +25 -54 -46 +81 +79 -109 -89 +128 +114 -123)
(+1 +2 +3 +4 +5 +6 +7 +8 +9 +10 +11 +12 +13 +14 +15 -65 +41 -95 +120 +68 +69 -44 +32 -91 +116 -97 +119 +127 +38 -40 +21 -74 +49 +104 +85 -87 -58 -36 +45 +57 +125 +77 -117 -71 +33 +126 -29 +63 -23 +17 +22 -43 -115 -27 -28 +39 -60 -30 +84 -50 -86 -99 -94 -26 -124 +73 +34 -18 +70 -107 +102 -90 +83 -51 +20 +88 +72 +106 +35 +96 -75 +76 -100 +111 -55 -110 +64 -93 +62 +113 -47 +121 -98 -52 -92 +78 -122 -112 +42 +80 -48 -118 -108 +101 +31 -67 +82 -59 -61 +105 +53 +66 -24 -103 -56 -37 -16 -19 +25 -54 -46 +81 +79 -109 -89 +128 +114 -123)
(+1 +2 +3 +4 +5 +6 +7 +8 +9 +10 +11 +12 +13 +14 +15 +16 +37 +56 +103 +24 -66 -53 -105 +61 +59 -82 +67 -31 -101 +108 +118 +48 -80 -42 +112 +122 -78 +92 +52 +98 -121 +47 -113 -62 +93 -64 +110 +55 -111 +100 -76 +75 -96 -35 -106 -72 -88 -20 +51 -83 +90 -102 +107 -70 +18 -34 -73 +124 +26 +94 +99 +86 +50 -84 +30 +60 -39 +28 +27 +115 +43 -22 -17 +23 -63 +29 -126 -33 +71 +117 -77 -125 -57 -45 +36 +58 +87 -85 -104 -49 +74 -21 +40 -38 -127 -119 +97 -116 +91 -32 +44 -69 -68 -120 +95 -41 +65 -19 +25 -54 -46 +81 +79 -109 -89 +128 +114 -123)
(+1 +2 +3 +4 +5 +6 +7 +8 +9 +10 +11 +12 +13 +14 +15 +16 +17 +22 -43 -115 -27 -28 +39 -60 -30 +84 -50 -86 -99 -94 -26 -124 +73 +34 -18 +70 -107 +102 -90 +83 -51 +20 +88 +72 +106 +35 +96 -75 +76 -100 +111 -55 -110 +64 -93 +62 +113 -47 +121 -98 -52 -92 +78 -122 -112 +42 +80 -48 -118 -108 +101 +31 -67 +82 -59 -61 +105 +53 +66 -24 -103 -56 -37 +23 -63 +29 -126 -33 +71 +117 -77 -125 -57 -45 +36 +58 +87 -85 -104 -49 +74 -21 +40 -38 -127 -119 +97 -116 +91 -32 +44 -69 -68 -120 +95 -41 +65 -19 +25 -54 -46 +81 +79 -109 -89 +128 +114 -123)
(+1 +2 +3 +4 +5 +6 +7 +8 +9 +10 +11 +12 +13 +14 +15 +16 +17 +18 -34 -73 +124 +26 +94 +99 +86 +50 -84 +30 +60 -39 +28 +27 +115 +43 -22 +70 -107 +102 -90 +83 -51 +20 +88 +72 +106 +35 +96 -75 +76 -100 +111 -55 -110 +64 -93 +62 +113 -47 +121 -98 -52 -92 +78 -122 -112 +42 +80 -48 -118 -108 +101 +31 -67 +82 -59 -61 +105 +53 +66 -24 -103 -56 -37 +23 -63 +29 -126 -33 +71 +117 -77 -125 -57 -45 +36 +58 +87 -85 -104 -49 +74 -21 +40 -38 -127 -119 +97 -116 +91 -32 +44 -69 -68 -120 +95 -41 +65 -19 +25 -54 -46 +81 +79 -109 -89 +128 +114 -123)
(+1 +2 +3 +4 +5 +6 +7 +8 +9 +10 +11 +12 +13 +14 +15 +16 +17 +18 +19 -65 +41 -95 +120 +68 +69 -44 +32 -91 +116 -97 +119 +127 +38 -40 +21 -74 +49 +104 +85 -87 -58 -36 +45 +57 +125 +77 -117 -71 +33 +126 -29 +63 -23 +37 +56 +103 +24 -66 -53 -105 +61 +59 -82 +67 -31 -101 +108 +118 +48 -80 -42 +112 +122 -78 +92 +52 +98 -121 +47 -113 -62 +93 -64 +110 +55 -111 +100 -76 +75 -96 -35 -106 -72 -88 -20 +51 -83 +90 -102 +107 -70 +22 -43 -115 -27 -28 +39 -60 -30 +84 -50 -86 -99 -94 -26 -124 +73 +34 +25 -54 -46 +81 +79 -109 -89 +128 +114 -123)
(+1 +2 +3 +4 +5 +6 +7 +8 +9 +10 +11 +12 +13 +14 +15 +16 +17 +18 +19 +20 +88 +72 +106 +35 +96 -75 +76 -100 +111 -55 -110 +64 -93 +62 +113 -47 +121 -98 -52 -92 +78 -122 -112 +42 +80 -48 -118 -108 +101 +31 -67 +82 -59 -61 +105 +53 +66 -24 -103 -56 -37 +23 -63 +29 -126 -33 +71 +117 -77 -125 -57 -45 +36 +58 +87 -85 -104 -49 +74 -21 +40 -38 -127 -119 +97 -116 +91 -32 +44 -69 -68 -120 +95 -41 +65 +51 -83 +90 -102 +107 -70 +22 -43 -115 -27 -28 +39 -60 -30 +84 -50 -86 -99 -94 -26 -124 +73 +34 +25 -54 -46 +81 +79 -109 -89 +128 +114 -123)
(+1 +2 +3 +4 +5 +6 +7 +8 +9 +10 +11 +12 +13 +14 +15 +16 +17 +18 +19 +20 +21 -74 +49 +104 +85 -87 -58 -36 +45 +57 +125 +77 -117 -71 +33 +126 -29 +63 -23 +37 +56 +103 +24 -66 -53 -105 +61 +59 -82 +67 -31 -101 +108 +118 +48 -80 -42 +112 +122 -78 +92 +52 +98 -121 +47 -113 -62 +93 -64 +110 +55 -111 +100 -76 +75 -96 -35 -106 -72 -88 +40 -38 -127 -119 +97 -116 +91 -32 +44 -69 -68 -120 +95 -41 +65 +51 -83 +90 -102 +107 -70 +22 -43 -115 -27 -28 +39 -60 -30 +84 -50 -86 -99 -94 -26 -124 +73 +34 +25 -54 -46 +81 +79 -109 -89 +128 +114 -123)
(+1 +2 +3 +4 +5 +6 +7 +8 +9 +10 +11 +12 +13 +14 +15 +16 +17 +18 +19 +20 +21 -22 +70 -107 +102 -90 +83 -51 -65 +41 -95 +120 +68 +69 -44 +32 -91 +116 -97 +119 +127 +38 -40 +88 +72 +106 +35 +96 -75 +76 -100 +111 -55 -110 +64 -93 +62 +113 -47 +121 -98 -52 -92 +78 -122 -112 +42 +80 -48 -118 -108 +101 +31 -67 +82 -59 -61 +105 +53 +66 -24 -103 -56 -37 +23 -63 +29 -126 -33 +71 +117 -77 -125 -57 -45 +36 +58 +87 -85 -104 -49 +74 -43 -115 -27 -28 +39 -60 -30 +84 -50 -86 -99 -94 -26 -124 +73 +34 +25 -54 -46 +81 +79 -109 -89 +128 +114 -123)
(+1 +2 +3 +4 +5 +6 +7 +8 +9 +10 +11 +12 +13 +14 +15 +16 +17 +18 +19 +20 +21 +22 +70 -107 +102 -90 +83 -51 -65 +41 -95 +120 +68 +69 -44 +32 -91 +116 -97 +119 +127 +38 -40 +88 +72 +106 +35 +96 -75 +76 -100 +111 -55 -110 +64 -93 +62 +113 -47 +121 -98 -52 -92 +78 -122 -112 +42 +80 -48 -118 -108 +101 +31 -67 +82 -59 -61 +105 +53 +66 -24 -103 -56 -37 +23 -63 +29 -126 -33 +71 +117 -77 -125 -57 -45 +36 +58 +87 -85 -104 -49 +74 -43 -115 -27 -28 +39 -60 -30 +84 -50 -86 -99 -94 -26 -124 +73 +34 +25 -54 -46 +81 +79 -109 -89 +128 +114 -123)
(+1 +2 +3 +4 +5 +6 +7 +8 +9 +10 +11 +12 +13 +14 +15 +16 +17 +18 +19 +20 +21 +22 -23 +37 +56 +103 +24 -66 -53 -105 +61 +59 -82 +67 -31 -101 +108 +118 +48 -80 -42 +112 +122 -78 +92 +52 +98 -121 +47 -113 -62 +93 -64 +110 +55 -111 +100 -76 +75 -96 -35 -106 -72 -88 +40 -38 -127 -119 +97 -116 +91 -32 +44 -69 -68 -120 +95 -41 +65 +51 -83 +90 -102 +107 -70 -63 +29 -126 -33 +71 +117 -77 -125 -57 -45 +36 +58 +87 -85 -104 -49 +74 -43 -115 -27 -28 +39 -60 -30 +84 -50 -86 -99 -94 -26 -124 +73 +34 +25 -54 -46 +81 +79 -109 -89 +128 +114 -123)
(+1 +2 +3 +4 +5 +6 +7 +8 +9 +10 +11 +12 +13 +14 +15 +16 +17 +18 +19 +20 +21 +22 +23 +37 +56 +103 +24 -66 -53 -105 +61 +59 -82 +67 -31 -101 +108 +118 +48 -80 -42 +112 +122 -78 +92 +52 +98 -121 +47 -113 -62 +93 -64 +110 +55 -111 +100 -76 +75 -96 -35 -106 -72 -88 +40 -38 -127 -119 +97 -116 +91 -32 +44 -69 -68 -120 +95 -41 +65 +51 -83 +90 -102 +107 -70 -63 +29 -126 -33 +71 +117 -77 -125 -57 -45 +36 +58 +87 -85 -104 -49 +74 -43 -115 -27 -28 +39 -60 -30 +84 -50 -86 -99 -94 -26 -124 +73 +34 +25 -54 -46 +81 +79 -109 -89 +128 +114 -123)
(+1 +2 +3 +4 +5 +6 +7 +8 +9 +10 +11 +12 +13 +14 +15 +16 +17 +18 +19 +20 +21 +22 +23 -24 -103 -56 -37 -66 -53 -105 +61 +59 -82 +67 -31 -101 +108 +118 +48 -80 -42 +112 +122 -78 +92 +52 +98 -121 +47 -113 -62 +93 -64 +110 +55 -111 +100 -76 +75 -96 -35 -106 -72 -88 +40 -38 -127 -119 +97 -116 +91 -32 +44 -69 -68 -120 +95 -41 +65 +51 -83 +90 -102 +107 -70 -63 +29 -126 -33 +71 +117 -77 -125 -57 -45 +36 +58 +87 -85 -104 -49 +74 -43 -115 -27 -28 +39 -60 -30 +84 -50 -86 -99 -94 -26 -124 +73 +34 +25 -54 -46 +81 +79 -109 -89 +128 +114 -123)
(+1 +2 +3 +4 +5 +6 +7 +8 +9 +10 +11 +12 +13 +14 +15 +16 +17 +18 +19 +20 +21 +22 +23 +24 -103 -56 -37 -66 -53 -105 +61 +59 -82 +67 -31 -101 +108 +118 +48 -80 -42 +112 +122 -78 +92 +52 +98 -121 +47 -113 -62 +93 -64 +110 +55 -111 +100 -76 +75 -96 -35 -106 -72 -88 +40 -38 -127 -119 +97 -116 +91 -32 +44 -69 -68 -120 +95 -41 +65 +51 -83 +90 -102 +107 -70 -63 +29 -126 -33 +71 +117 -77 -125 -57 -45 +36 +58 +87 -85 -104 -49 +74 -43 -115 -27 -28 +39 -60 -30 +84 -50 -86 -99 -94 -26 -124 +73 +34 +25 -54 -46 +81 +79 -109 -89 +128 +114 -123)
(+1 +2 +3 +4 +5 +6 +7 +8 +9 +10 +11 +12 +13 +14 +15 +16 +17 +18 +19 +20 +21 +22 +23 +24 -25 -34 -73 +124 +26 +94 +99 +86 +50 -84 +30 +60 -39 +28 +27 +115 +43 -74 +49 +104 +85 -87 -58 -36 +45 +57 +125 +77 -117 -71 +33 +126 -29 +63 +70 -107 +102 -90 +83 -51 -65 +41 -95 +120 +68 +69 -44 +32 -91 +116 -97 +119 +127 +38 -40 +88 +72 +106 +35 +96 -75 +76 -100 +111 -55 -110 +64 -93 +62 +113 -47 +121 -98 -52 -92 +78 -122 -112 +42 +80 -48 -118 -108 +101 +31 -67 +82 -59 -61 +105 +53 +66 +37 +56 +103 -54 -46 +81 +79 -109 -89 +128 +114 -123)
(+1 +2 +3 +4 +5 +6 +7 +8 +9 +10 +11 +12 +13 +14 +15 +16 +17 +18 +19 +20 +21 +22 +23 +24 +25 -34 -73 +124 +26 +94 +99 +86 +50 -84 +30 +60 -39 +28 +27 +115 +43 -74 +49 +104 +85 -87 -58 -36 +45 +57 +125 +77 -117 -71 +33 +126 -29 +63 +70 -107 +102 -90 +83 -51 -65 +41 -95 +120 +68 +69 -44 +32 -91 +116 -97 +119 +127 +38 -40 +88 +72 +106 +35 +96 -75 +76 -100 +111 -55 -110 +64 -93 +62 +113 -47 +121 -98 -52 -92 +78 -122 -112 +42 +80 -48 -118 -108 +101 +31 -67 +82 -59 -61 +105 +53 +66 +37 +56 +103 -54 -46 +81 +79 -109 -89 +128 +114 -123)
(+1 +2 +3 +4 +5 +6 +7 +8 +9 +10 +11 +12 +13 +14 +15 +16 +17 +18 +19 +20 +21 +22 +23 +24 +25 -26 -124 +73 +34 +94 +99 +86 +50 -84 +30 +60 -39 +28 +27 +115 +43 -74 +49 +104 +85 -87 -58 -36 +45 +57 +125 +77 -117 -71 +33 +126 -29 +63 +70 -107 +102 -90 +83 -51 -65 +41 -95 +120 +68 +69 -44 +32 -91 +116 -97 +119 +127 +38 -40 +88 +72 +106 +35 +96 -75 +76 -100 +111 -55 -110 +64 -93 +62 +113 -47 +121 -98 -52 -92 +78 -122 -112 +42 +80 -48 -118 -108 +101 +31 -67 +82 -59 -61 +105 +53 +66 +37 +56 +103 -54 -46 +81 +79 -109 -89 +128 +114 -123)
(+1 +2 +3 +4 +5 +6 +7 +8 +9 +10 +11 +12 +13 +14 +15 +16 +17 +18 +19 +20 +21 +22 +23 +24 +25 +26 -124 +73 +34 +94 +99 +86 +50 -84 +30 +60 -39 +28 +27 +115 +43 -74 +49 +104 +85 -87 -58 -36 +45 +57 +125 +77 -117 -71 +33 +126 -29 +63 +70 -107 +102 -90 +83 -51 -65 +41 -95 +120 +68 +69 -44 +32 -91 +116 -97 +119 +127 +38 -40 +88 +72 +106 +35 +96 -75 +76 -100 +111 -55 -110 +64 -93 +62 +113 -47 +121 -98 -52 -92 +78 -122 -112 +42 +80 -48 -118 -108 +101 +31 -67 +82 -59 -61 +105 +53 +66 +37 +56 +103 -54 -46 +81 +79 -109 -89 +128 +114 -123)
(+1 +2 +3 +4 +5 +6 +7 +8 +9 +10 +11 +12 +13 +14 +15 +16 +17 +18 +19 +20 +21 +22 +23 +24 +25 +26 -27 -28 +39 -60 -30 +84 -50 -86 -99 -94 -34 -73 +124 +115 +43 -74 +49 +104 +85 -87 -58 -36 +45 +57 +125 +77 -117 -71 +33 +126 -29 +63 +70 -107 +102 -90 +83 -51 -65 +41 -95 +120 +68 +69 -44 +32 -91 +116 -97 +119 +127 +38 -40 +88 +72 +106 +35 +96 -75 +76 -100 +111 -55 -110 +64 -93 +62 +113 -47 +121 -98 -52 -92 +78 -122 -112 +42 +80 -48 -118 -108 +101 +31 -67 +82 -59 -61 +105 +53 +66 +37 +56 +103 -54 -46 +81 +79 -109 -89 +128 +114 -123)
(+1 +2 +3 +4 +5 +6 +7 +8 +9 +10 +11 +12 +13 +14 +15 +16 +17 +18 +19 +20 +21 +22 +23 +24 +25 +26 +27 -28 +39 -60 -30 +84 -50 -86 -99 -94 -34 -73 +124 +115 +43 -74 +49 +104 +85 -87 -58 -36 +45 +57 +125 +77 -117 -71 +33 +126 -29 +63 +70 -107 +102 -90 +83 -51 -65 +41 -95 +120 +68 +69 -44 +32 -91 +116 -97 +119 +127 +38 -40 +88 +72 +106 +35 +96 -75 +76 -100 +111 -55 -110 +64 -93 +62 +113 -47 +121 -98 -52 -92 +78 -122 -112 +42 +80 -48 -118 -108 +101 +31 -67 +82 -59 -61 +105 +53 +66 +37 +56 +103 -54 -46 +81 +79 -109 -89 +128 +114 -123)
(+1 +2 +3 +4 +5 +6 +7 +8 +9 +10 +11 +12 +13 +14 +15 +16 +17 +18 +19 +20 +21 +22 +23 +24 +25 +26 +27 +28 +39 -60 -30 +84 -50 -86 -99 -94 -34 -73 +124 +115 +43 -74 +49 +104 +85 -87 -58 -36 +45 +57 +125 +77 -117 -71 +33 +126 -29 +63 +70 -107 +102 -90 +83 -51 -65 +41 -95 +120 +68 +69 -44 +32 -91 +116 -97 +119 +127 +38 -40 +88 +72 +106 +35 +96 -75 +76 -100 +111 -55 -110 +64 -93 +62 +113 -47 +121 -98 -52 -92 +78 -122 -112 +42 +80 -48 -118 -108 +101 +31 -67 +82 -59 -61 +105 +53 +66 +37 +56 +103 -54 -46 +81 +79 -109 -89 +128 +114 -123)
(+1 +2 +3 +4 +5 +6 +7 +8 +9 +10 +11 +12 +13 +14 +15 +16 +17 +18 +19 +20 +21 +22 +23 +24 +25 +26 +27 +28 +29 -126 -33 +71 +117 -77 -125 -57 -45 +36 +58 +87 -85 -104 -49 +74 -43 -115 -124 +73 +34 +94 +99 +86 +50 -84 +30 +60 -39 +63 +70 -107 +102 -90 +83 -51 -65 +41 -95 +120 +68 +69 -44 +32 -91 +116 -97 +119 +127 +38 -40 +88 +72 +106 +35 +96 -75 +76 -100 +111 -55 -110 +64 -93 +62 +113 -47 +121 -98 -52 -92 +78 -122 -112 +42 +80 -48 -118 -108 +101 +31 -67 +82 -59 -61 +105 +53 +66 +37 +56 +103 -54 -46 +81 +79 -109 -89 +128 +114 -123)
(+1 +2 +3 +4 +5 +6 +7 +8 +9 +10 +11 +12 +13 +14 +15 +16 +17 +18 +19 +20 +21 +22 +23 +24 +25 +26 +27 +28 +29 -30 +84 -50 -86 -99 -94 -34 -73 +124 +115 +43 -74 +49 +104 +85 -87 -58 -36 +45 +57 +125 +77 -117 -71 +33 +126 +60 -39 +63 +70 -107 +102 -90 +83 -51 -65 +41 -95 +120 +68 +69 -44 +32 -91 +116 -97 +119 +127 +38 -40 +88 +72 +106 +35 +96 -75 +76 -100 +111 -55 -110 +64 -93 +62 +113 -47 +121 -98 -52 -92 +78 -122 -112 +42 +80 -48 -118 -108 +101 +31 -67 +82 -59 -61 +105 +53 +66 +37 +56 +103 -54 -46 +81 +79 -109 -89 +128 +114 -123)
(+1 +2 +3 +4 +5 +6 +7 +8 +9 +10 +11 +12 +13 +14 +15 +16 +17 +18 +19 +20 +21 +22 +23 +24 +25 +26 +27 +28 +29 +30 +84 -50 -86 -99 -94 -34 -73 +124 +115 +43 -74 +49 +104 +85 -87 -58 -36 +45 +57 +125 +77 -117 -71 +33 +126 +60 -39 +63 +70 -107 +102 -90 +83 -51 -65 +41 -95 +120 +68 +69 -44 +32 -91 +116 -97 +119 +127 +38 -40 +88 +72 +106 +35 +96 -75 +76 -100 +111 -55 -110 +64 -93 +62 +113 -47 +121 -98 -52 -92 +78 -122 -112 +42 +80 -48 -118 -108 +101 +31 -67 +82 -59 -61 +105 +53 +66 +37 +56 +103 -54 -46 +81 +79 -109 -89 +128 +114 -123)
(+1 +2 +3 +4 +5 +6 +7 +8 +9 +10 +11 +12 +13 +14 +15 +16 +17 +18 +19 +20 +21 +22 +23 +24 +25 +26 +27 +28 +29 +30 -31 -101 +108 +118 +48 -80 -42 +112 +122 -78 +92 +52 +98 -121 +47 -113 -62 +93 -64 +110 +55 -111 +100 -76 +75 -96 -35 -106 -72 -88 +40 -38 -127 -119 +97 -116 +91 -32 +44 -69 -68 -120 +95 -41 +65 +51 -83 +90 -102 +107 -70 -63 +39 -60 -126 -33 +71 +117 -77 -125 -57 -45 +36 +58 +87 -85 -104 -49 +74 -43 -115 -124 +73 +34 +94 +99 +86 +50 -84 -67 +82 -59 -61 +105 +53 +66 +37 +56 +103 -54 -46 +81 +79 -109 -89 +128 +114 -123)
(+1 +2 +3 +4 +5 +6 +7 +8 +9 +10 +11 +12 +13 +14 +15 +16 +17 +18 +19 +20 +21 +22 +23 +24 +25 +26 +27 +28 +29 +30 +31 -101 +108 +118 +48 -80 -42 +112 +122 -78 +92 +52 +98 -121 +47 -113 -62 +93 -64 +110 +55 -111 +100 -76 +75 -96 -35 -106 -72 -88 +40 -38 -127 -119 +97 -116 +91 -32 +44 -69 -68 -120 +95 -41 +65 +51 -83 +90 -102 +107 -70 -63 +39 -60 -126 -33 +71 +117 -77 -125 -57 -45 +36 +58 +87 -85 -104 -49 +74 -43 -115 -124 +73 +34 +94 +99 +86 +50 -84 -67 +82 -59 -61 +105 +53 +66 +37 +56 +103 -54 -46 +81 +79 -109 -89 +128 +114 -123)
(+1 +2 +3 +4 +5 +6 +7 +8 +9 +10 +11 +12 +13 +14 +15 +16 +17 +18 +19 +20 +21 +22 +23 +24 +25 +26 +27 +28 +29 +30 +31 +32 -91 +116 -97 +119 +127 +38 -40 +88 +72 +106 +35 +96 -75 +76 -100 +111 -55 -110 +64 -93 +62 +113 -47 +121 -98 -52 -92 +78 -122 -112 +42 +80 -48 -118 -108 +101 +44 -69 -68 -120 +95 -41 +65 +51 -83 +90 -102 +107 -70 -63 +39 -60 -126 -33 +71 +117 -77 -125 -57 -45 +36 +58 +87 -85 -104 -49 +74 -43 -115 -124 +73 +34 +94 +99 +86 +50 -84 -67 +82 -59 -61 +105 +53 +66 +37 +56 +103 -54 -46 +81 +79 -109 -89 +128 +114 -123)
(+1 +2 +3 +4 +5 +6 +7 +8 +9 +10 +11 +12 +13 +14 +15 +16 +17 +18 +19 +20 +21 +22 +23 +24 +25 +26 +27 +28 +29 +30 +31 +32 +33 +126 +60 -39 +63 +70 -107 +102 -90 +83 -51 -65 +41 -95 +120 +68 +69 -44 -101 +108 +118 +48 -80 -42 +112 +122 -78 +92 +52 +98 -121 +47 -113 -62 +93 -64 +110 +55 -111 +100 -76 +75 -96 -35 -106 -72 -88 +40 -38 -127 -119 +97 -116 +91 +71 +117 -77 -125 -57 -45 +36 +58 +87 -85 -104 -49 +74 -43 -115 -124 +73 +34 +94 +99 +86 +50 -84 -67 +82 -59 -61 +105 +53 +66 +37 +56 +103 -54 -46 +81 +79 -109 -89 +128 +114 -123)
(+1 +2 +3 +4 +5 +6 +7 +8 +9 +10 +11 +12 +13 +14 +15 +16 +17 +18 +19 +20 +21 +22 +23 +24 +25 +26 +27 +28 +29 +30 +31 +32 +33 -34 -73 +124 +115 +43 -74 +49 +104 +85 -87 -58 -36 +45 +57 +125 +77 -117 -71 -91 +116 -97 +119 +127 +38 -40 +88 +72 +106 +35 +96 -75 +76 -100 +111 -55 -110 +64 -93 +62 +113 -47 +121 -98 -52 -92 +78 -122 -112 +42 +80 -48 -118 -108 +101 +44 -69 -68 -120 +95 -41 +65 +51 -83 +90 -102 +107 -70 -63 +39 -60 -126 +94 +99 +86 +50 -84 -67 +82 -59 -61 +105 +53 +66 +37 +56 +103 -54 -46 +81 +79 -109 -89 +128 +114 -123)
(+1 +2 +3 +4 +5 +6 +7 +8 +9 +10 +11 +12 +13 +14 +15 +16 +17 +18 +19 +20 +21 +22 +23 +24 +25 +26 +27 +28 +29 +30 +31 +32 +33 +34 -73 +124 +115 +43 -74 +49 +104 +85 -87 -58 -36 +45 +57 +125 +77 -117 -71 -91 +116 -97 +119 +127 +38 -40 +88 +72 +106 +35 +96 -75 +76 -100 +111 -55 -110 +64 -93 +62 +113 -47 +121 -98 -52 -92 +78 -122 -112 +42 +80 -48 -118 -108 +101 +44 -69 -68 -120 +95 -41 +65 +51 -83 +90 -102 +107 -70 -63 +39 -60 -126 +94 +99 +86 +50 -84 -67 +82 -59 -61 +105 +53 +66 +37 +56 +103 -54 -46 +81 +79 -109 -89 +128 +114 -123)
(+1 +2 +3 +4 +5 +6 +7 +8 +9 +10 +11 +12 +13 +14 +15 +16 +17 +18 +19 +20 +21 +22 +23 +24 +25 +26 +27 +28 +29 +30 +31 +32 +33 +34 -35 -106 -72 -88 +40 -38 -127 -119 +97 -116 +91 +71 +117 -77 -125 -57 -45 +36 +58 +87 -85 -104 -49 +74 -43 -115 -124 +73 +96 -75 +76 -100 +111 -55 -110 +64 -93 +62 +113 -47 +121 -98 -52 -92 +78 -122 -112 +42 +80 -48 -118 -108 +101 +44 -69 -68 -120 +95 -41 +65 +51 -83 +90 -102 +107 -70 -63 +39 -60 -126 +94 +99 +86 +50 -84 -67 +82 -59 -61 +105 +53 +66 +37 +56 +103 -54 -46 +81 +79 -109 -89 +128 +114 -123)
(+1 +2 +3 +4 +5 +6 +7 +8 +9 +10 +11 +12 +13 +14 +15 +16 +17 +18 +19 +20 +21 +22 +23 +24 +25 +26 +27 +28 +29 +30 +31 +32 +33 +34 +35 -106 -72 -88 +40 -38 -127 -119 +97 -116 +91 +71 +117 -77 -125 -57 -45 +36 +58 +87 -85 -104 -49 +74 -43 -115 -124 +73 +96 -75 +76 -100 +111 -55 -110 +64 -93 +62 +113 -47 +121 -98 -52 -92 +78 -122 -112 +42 +80 -48 -118 -108 +101 +44 -69 -68 -120 +95 -41 +65 +51 -83 +90 -102 +107 -70 -63 +39 -60 -126 +94 +99 +86 +50 -84 -67 +82 -59 -61 +105 +53 +66 +37 +56 +103 -54 -46 +81 +79 -109 -89 +128 +114 -123)
(+1 +2 +3 +4 +5 +6 +7 +8 +9 +10 +11 +12 +13 +14 +15 +16 +17 +18 +19 +20 +21 +22 +23 +24 +25 +26 +27 +28 +29 +30 +31 +32 +33 +34 +35 -36 +45 +57 +125 +77 -117 -71 -91 +116 -97 +119 +127 +38 -40 +88 +72 +106 +58 +87 -85 -104 -49 +74 -43 -115 -124 +73 +96 -75 +76 -100 +111 -55 -110 +64 -93 +62 +113 -47 +121 -98 -52 -92 +78 -122 -112 +42 +80 -48 -118 -108 +101 +44 -69 -68 -120 +95 -41 +65 +51 -83 +90 -102 +107 -70 -63 +39 -60 -126 +94 +99 +86 +50 -84 -67 +82 -59 -61 +105 +53 +66 +37 +56 +103 -54 -46 +81 +79 -109 -89 +128 +114 -123)
(+1 +2 +3 +4 +5 +6 +7 +8 +9 +10 +11 +12 +13 +14 +15 +16 +17 +18 +19 +20 +21 +22 +23 +24 +25 +26 +27 +28 +29 +30 +31 +32 +33 +34 +35 +36 +45 +57 +125 +77 -117 -71 -91 +116 -97 +119 +127 +38 -40 +88 +72 +106 +58 +87 -85 -104 -49 +74 -43 -115 -124 +73 +96 -75 +76 -100 +111 -55 -110 +64 -93 +62 +113 -47 +121 -98 -52 -92 +78 -122 -112 +42 +80 -48 -118 -108 +101 +44 -69 -68 -120 +95 -41 +65 +51 -83 +90 -102 +107 -70 -63 +39 -60 -126 +94 +99 +86 +50 -84 -67 +82 -59 -61 +105 +53 +66 +37 +56 +103 -54 -46 +81 +79 -109 -89 +128 +114 -123)
(+1 +2 +3 +4 +5 +6 +7 +8 +9 +10 +11 +12 +13 +14 +15 +16 +17 +18 +19 +20 +21 +22 +23 +24 +25 +26 +27 +28 +29 +30 +31 +32 +33 +34 +35 +36 -37 -66 -53 -105 +61 +59 -82 +67 +84 -50 -86 -99 -94 +126 +60 -39 +63 +70 -107 +102 -90 +83 -51 -65 +41 -95 +120 +68 +69 -44 -101 +108 +118 +48 -80 -42 +112 +122 -78 +92 +52 +98 -121 +47 -113 -62 +93 -64 +110 +55 -111 +100 -76 +75 -96 -73 +124 +115 +43 -74 +49 +104 +85 -87 -58 -106 -72 -88 +40 -38 -127 -119 +97 -116 +91 +71 +117 -77 -125 -57 -45 +56 +103 -54 -46 +81 +79 -109 -89 +128 +114 -123)
(+1 +2 +3 +4 +5 +6 +7 +8 +9 +10 +11 +12 +13 +14 +15 +16 +17 +18 +19 +20 +21 +22 +23 +24 +25 +26 +27 +28 +29 +30 +31 +32 +33 +34 +35 +36 +37 -66 -53 -105 +61 +59 -82 +67 +84 -50 -86 -99 -94 +126 +60 -39 +63 +70 -107 +102 -90 +83 -51 -65 +41 -95 +120 +68 +69 -44 -101 +108 +118 +48 -80 -42 +112 +122 -78 +92 +52 +98 -121 +47 -113 -62 +93 -64 +110 +55 -111 +100 -76 +75 -96 -73 +124 +115 +43 -74 +49 +104 +85 -87 -58 -106 -72 -88 +40 -38 -127 -119 +97 -116 +91 +71 +117 -77 -125 -57 -45 +56 +103 -54 -46 +81 +79 -109 -89 +128 +114 -123)
(+1 +2 +3 +4 +5 +6 +7 +8 +9 +10 +11 +12 +13 +14 +15 +16 +17 +18 +19 +20 +21 +22 +23 +24 +25 +26 +27 +28 +29 +30 +31 +32 +33 +34 +35 +36 +37 +38 -40 +88 +72 +106 +58 +87 -85 -104 -49 +74 -43 -115 -124 +73 +96 -75 +76 -100 +111 -55 -110 +64 -93 +62 +113 -47 +121 -98 -52 -92 +78 -122 -112 +42 +80 -48 -118 -108 +101 +44 -69 -68 -120 +95 -41 +65 +51 -83 +90 -102 +107 -70 -63 +39 -60 -126 +94 +99 +86 +50 -84 -67 +82 -59 -61 +105 +53 +66 -127 -119 +97 -116 +91 +71 +117 -77 -125 -57 -45 +56 +103 -54 -46 +81 +79 -109 -89 +128 +114 -123)
(+1 +2 +3 +4 +5 +6 +7 +8 +9 +10 +11 +12 +13 +14 +15 +16 +17 +18 +19 +20 +21 +22 +23 +24 +25 +26 +27 +28 +29 +30 +31 +32 +33 +34 +35 +36 +37 +38 -39 +63 +70 -107 +102 -90 +83 -51 -65 +41 -95 +120 +68 +69 -44 -101 +108 +118 +48 -80 -42 +112 +122 -78 +92 +52 +98 -121 +47 -113 -62 +93 -64 +110 +55 -111 +100 -76 +75 -96 -73 +124 +115 +43 -74 +49 +104 +85 -87 -58 -106 -72 -88 +40 -60 -126 +94 +99 +86 +50 -84 -67 +82 -59 -61 +105 +53 +66 -127 -119 +97 -116 +91 +71 +117 -77 -125 -57 -45 +56 +103 -54 -46 +81 +79 -109 -89 +128 +114 -123)
(+1 +2 +3 +4 +5 +6 +7 +8 +9 +10 +11 +12 +13 +14 +15 +16 +17 +18 +19 +20 +21 +22 +23 +24 +25 +26 +27 +28 +29 +30 +31 +32 +33 +34 +35 +36 +37 +38 +39 +63 +70 -107 +102 -90 +83 -51 -65 +41 -95 +120 +68 +69 -44 -101 +108 +118 +48 -80 -42 +112 +122 -78 +92 +52 +98 -121 +47 -113 -62 +93 -64 +110 +55 -111 +100 -76 +75 -96 -73 +124 +115 +43 -74 +49 +104 +85 -87 -58 -106 -72 -88 +40 -60 -126 +94 +99 +86 +50 -84 -67 +82 -59 -61 +105 +53 +66 -127 -119 +97 -116 +91 +71 +117 -77 -125 -57 -45 +56 +103 -54 -46 +81 +79 -109 -89 +128 +114 -123)
(+1 +2 +3 +4 +5 +6 +7 +8 +9 +10 +11 +12 +13 +14 +15 +16 +17 +18 +19 +20 +21 +22 +23 +24 +25 +26 +27 +28 +29 +30 +31 +32 +33 +34 +35 +36 +37 +38 +39 -40 +88 +72 +106 +58 +87 -85 -104 -49 +74 -43 -115 -124 +73 +96 -75 +76 -100 +111 -55 -110 +64 -93 +62 +113 -47 +121 -98 -52 -92 +78 -122 -112 +42 +80 -48 -118 -108 +101 +44 -69 -68 -120 +95 -41 +65 +51 -83 +90 -102 +107 -70 -63 -60 -126 +94 +99 +86 +50 -84 -67 +82 -59 -61 +105 +53 +66 -127 -119 +97 -116 +91 +71 +117 -77 -125 -57 -45 +56 +103 -54 -46 +81 +79 -109 -89 +128 +114 -123)
(+1 +2 +3 +4 +5 +6 +7 +8 +9 +10 +11 +12 +13 +14 +15 +16 +17 +18 +19 +20 +21 +22 +23 +24 +25 +26 +27 +28 +29 +30 +31 +32 +33 +34 +35 +36 +37 +38 +39 +40 +88 +72 +106 +58 +87 -85 -104 -49 +74 -43 -115 -124 +73 +96 -75 +76 -100 +111 -55 -110 +64 -93 +62 +113 -47 +121 -98 -52 -92 +78 -122 -112 +42 +80 -48 -118 -108 +101 +44 -69 -68 -120 +95 -41 +65 +51 -83 +90 -102 +107 -70 -63 -60 -126 +94 +99 +86 +50 -84 -67 +82 -59 -61 +105 +53 +66 -127 -119 +97 -116 +91 +71 +117 -77 -125 -57 -45 +56 +103 -54 -46 +81 +79 -109 -89 +128 +114 -123)
(+1 +2 +3 +4 +5 +6 +7 +8 +9 +10 +11 +12 +13 +14 +15 +16 +17 +18 +19 +20 +21 +22 +23 +24 +25 +26 +27 +28 +29 +30 +31 +32 +33 +34 +35 +36 +37 +38 +39 +40 +41 -95 +120 +68 +69 -44 -101 +108 +118 +48 -80 -42 +112 +122 -78 +92 +52 +98 -121 +47 -113 -62 +93 -64 +110 +55 -111 +100 -76 +75 -96 -73 +124 +115 +43 -74 +49 +104 +85 -87 -58 -106 -72 -88 +65 +51 -83 +90 -102 +107 -70 -63 -60 -126 +94 +99 +86 +50 -84 -67 +82 -59 -61 +105 +53 +66 -127 -119 +97 -116 +91 +71 +117 -77 -125 -57 -45 +56 +103 -54 -46 +81 +79 -109 -89 +128 +114 -123)
(+1 +2 +3 +4 +5 +6 +7 +8 +9 +10 +11 +12 +13 +14 +15 +16 +17 +18 +19 +20 +21 +22 +23 +24 +25 +26 +27 +28 +29 +30 +31 +32 +33 +34 +35 +36 +37 +38 +39 +40 +41 +42 +80 -48 -118 -108 +101 +44 -69 -68 -120 +95 +112 +122 -78 +92 +52 +98 -121 +47 -113 -62 +93 -64 +110 +55 -111 +100 -76 +75 -96 -73 +124 +115 +43 -74 +49 +104 +85 -87 -58 -106 -72 -88 +65 +51 -83 +90 -102 +107 -70 -63 -60 -126 +94 +99 +86 +50 -84 -67 +82 -59 -61 +105 +53 +66 -127 -119 +97 -116 +91 +71 +117 -77 -125 -57 -45 +56 +103 -54 -46 +81 +79 -109 -89 +128 +114 -123)
(+1 +2 +3 +4 +5 +6 +7 +8 +9 +10 +11 +12 +13 +14 +15 +16 +17 +18 +19 +20 +21 +22 +23 +24 +25 +26 +27 +28 +29 +30 +31 +32 +33 +34 +35 +36 +37 +38 +39 +40 +41 +42 -43 -115 -124 +73 +96 -75 +76 -100 +111 -55 -110 +64 -93 +62 +113 -47 +121 -98 -52 -92 +78 -122 -112 -95 +120 +68 +69 -44 -101 +108 +118 +48 -80 -74 +49 +104 +85 -87 -58 -106 -72 -88 +65 +51 -83 +90 -102 +107 -70 -63 -60 -126 +94 +99 +86 +50 -84 -67 +82 -59 -61 +105 +53 +66 -127 -119 +97 -116 +91 +71 +117 -77 -125 -57 -45 +56 +103 -54 -46 +81 +79 -109 -89 +128 +114 -123)
(+1 +2 +3 +4 +5 +6 +7 +8 +9 +10 +11 +12 +13 +14 +15 +16 +17 +18 +19 +20 +21 +22 +23 +24 +25 +26 +27 +28 +29 +30 +31 +32 +33 +34 +35 +36 +37 +38 +39 +40 +41 +42 +43 -115 -124 +73 +96 -75 +76 -100 +111 -55 -110 +64 -93 +62 +113 -47 +121 -98 -52 -92 +78 -122 -112 -95 +120 +68 +69 -44 -101 +108 +118 +48 -80 -74 +49 +104 +85 -87 -58 -106 -72 -88 +65 +51 -83 +90 -102 +107 -70 -63 -60 -126 +94 +99 +86 +50 -84 -67 +82 -59 -61 +105 +53 +66 -127 -119 +97 -116 +91 +71 +117 -77 -125 -57 -45 +56 +103 -54 -46 +81 +79 -109 -89 +128 +114 -123)
(+1 +2 +3 +4 +5 +6 +7 +8 +9 +10 +11 +12 +13 +14 +15 +16 +17 +18 +19 +20 +21 +22 +23 +24 +25 +26 +27 +28 +29 +30 +31 +32 +33 +34 +35 +36 +37 +38 +39 +40 +41 +42 +43 +44 -69 -68 -120 +95 +112 +122 -78 +92 +52 +98 -121 +47 -113 -62 +93 -64 +110 +55 -111 +100 -76 +75 -96 -73 +124 +115 -101 +108 +118 +48 -80 -74 +49 +104 +85 -87 -58 -106 -72 -88 +65 +51 -83 +90 -102 +107 -70 -63 -60 -126 +94 +99 +86 +50 -84 -67 +82 -59 -61 +105 +53 +66 -127 -119 +97 -116 +91 +71 +117 -77 -125 -57 -45 +56 +103 -54 -46 +81 +79 -109 -89 +128 +114 -123)
(+1 +2 +3 +4 +5 +6 +7 +8 +9 +10 +11 +12 +13 +14 +15 +16 +17 +18 +19 +20 +21 +22 +23 +24 +25 +26 +27 +28 +29 +30 +31 +32 +33 +34 +35 +36 +37 +38 +39 +40 +41 +42 +43 +44 +45 +57 +125 +77 -117 -71 -91 +116 -97 +119 +127 -66 -53 -105 +61 +59 -82 +67 +84 -50 -86 -99 -94 +126 +60 +63 +70 -107 +102 -90 +83 -51 -65 +88 +72 +106 +58 +87 -85 -104 -49 +74 +80 -48 -118 -108 +101 -115 -124 +73 +96 -75 +76 -100 +111 -55 -110 +64 -93 +62 +113 -47 +121 -98 -52 -92 +78 -122 -112 -95 +120 +68 +69 +56 +103 -54 -46 +81 +79 -109 -89 +128 +114 -123)
(+1 +2 +3 +4 +5 +6 +7 +8 +9 +10 +11 +12 +13 +14 +15 +16 +17 +18 +19 +20 +21 +22 +23 +24 +25 +26 +27 +28 +29 +30 +31 +32 +33 +34 +35 +36 +37 +38 +39 +40 +41 +42 +43 +44 +45 +46 +54 -103 -56 -69 -68 -120 +95 +112 +122 -78 +92 +52 +98 -121 +47 -113 -62 +93 -64 +110 +55 -111 +100 -76 +75 -96 -73 +124 +115 -101 +108 +118 +48 -80 -74 +49 +104 +85 -87 -58 -106 -72 -88 +65 +51 -83 +90 -102 +107 -70 -63 -60 -126 +94 +99 +86 +50 -84 -67 +82 -59 -61 +105 +53 +66 -127 -119 +97 -116 +91 +71 +117 -77 -125 -57 +81 +79 -109 -89 +128 +114 -123)
(+1 +2 +3 +4 +5 +6 +7 +8 +9 +10 +11 +12 +13 +14 +15 +16 +17 +18 +19 +20 +21 +22 +23 +24 +25 +26 +27 +28 +29 +30 +31 +32 +33 +34 +35 +36 +37 +38 +39 +40 +41 +42 +43 +44 +45 +46 -47 +121 -98 -52 -92 +78 -122 -112 -95 +120 +68 +69 +56 +103 -54 -113 -62 +93 -64 +110 +55 -111 +100 -76 +75 -96 -73 +124 +115 -101 +108 +118 +48 -80 -74 +49 +104 +85 -87 -58 -106 -72 -88 +65 +51 -83 +90 -102 +107 -70 -63 -60 -126 +94 +99 +86 +50 -84 -67 +82 -59 -61 +105 +53 +66 -127 -119 +97 -116 +91 +71 +117 -77 -125 -57 +81 +79 -109 -89 +128 +114 -123)
(+1 +2 +3 +4 +5 +6 +7 +8 +9 +10 +11 +12 +13 +14 +15 +16 +17 +18 +19 +20 +21 +22 +23 +24 +25 +26 +27 +28 +29 +30 +31 +32 +33 +34 +35 +36 +37 +38 +39 +40 +41 +42 +43 +44 +45 +46 +47 +121 -98 -52 -92 +78 -122 -112 -95 +120 +68 +69 +56 +103 -54 -113 -62 +93 -64 +110 +55 -111 +100 -76 +75 -96 -73 +124 +115 -101 +108 +118 +48 -80 -74 +49 +104 +85 -87 -58 -106 -72 -88 +65 +51 -83 +90 -102 +107 -70 -63 -60 -126 +94 +99 +86 +50 -84 -67 +82 -59 -61 +105 +53 +66 -127 -119 +97 -116 +91 +71 +117 -77 -125 -57 +81 +79 -109 -89 +128 +114 -123)
(+1 +2 +3 +4 +5 +6 +7 +8 +9 +10 +11 +12 +13 +14 +15 +16 +17 +18 +19 +20 +21 +22 +23 +24 +25 +26 +27 +28 +29 +30 +31 +32 +33 +34 +35 +36 +37 +38 +39 +40 +41 +42 +43 +44 +45 +46 +47 -48 -118 -108 +101 -115 -124 +73 +96 -75 +76 -100 +111 -55 -110 +64 -93 +62 +113 +54 -103 -56 -69 -68 -120 +95 +112 +122 -78 +92 +52 +98 -121 -80 -74 +49 +104 +85 -87 -58 -106 -72 -88 +65 +51 -83 +90 -102 +107 -70 -63 -60 -126 +94 +99 +86 +50 -84 -67 +82 -59 -61 +105 +53 +66 -127 -119 +97 -116 +91 +71 +117 -77 -125 -57 +81 +79 -109 -89 +128 +114 -123)
(+1 +2 +3 +4 +5 +6 +7 +8 +9 +10 +11 +12 +13 +14 +15 +16 +17 +18 +19 +20 +21 +22 +23 +24 +25 +26 +27 +28 +29 +30 +31 +32 +33 +34 +35 +36 +37 +38 +39 +40 +41 +42 +43 +44 +45 +46 +47 +48 -118 -108 +101 -115 -124 +73 +96 -75 +76 -100 +111 -55 -110 +64 -93 +62 +113 +54 -103 -56 -69 -68 -120 +95 +112 +122 -78 +92 +52 +98 -121 -80 -74 +49 +104 +85 -87 -58 -106 -72 -88 +65 +51 -83 +90 -102 +107 -70 -63 -60 -126 +94 +99 +86 +50 -84 -67 +82 -59 -61 +105 +53 +66 -127 -119 +97 -116 +91 +71 +117 -77 -125 -57 +81 +79 -109 -89 +128 +114 -123)
(+1 +2 +3 +4 +5 +6 +7 +8 +9 +10 +11 +12 +13 +14 +15 +16 +17 +18 +19 +20 +21 +22 +23 +24 +25 +26 +27 +28 +29 +30 +31 +32 +33 +34 +35 +36 +37 +38 +39 +40 +41 +42 +43 +44 +45 +46 +47 +48 -49 +74 +80 +121 -98 -52 -92 +78 -122 -112 -95 +120 +68 +69 +56 +103 -54 -113 -62 +93 -64 +110 +55 -111 +100 -76 +75 -96 -73 +124 +115 -101 +108 +118 +104 +85 -87 -58 -106 -72 -88 +65 +51 -83 +90 -102 +107 -70 -63 -60 -126 +94 +99 +86 +50 -84 -67 +82 -59 -61 +105 +53 +66 -127 -119 +97 -116 +91 +71 +117 -77 -125 -57 +81 +79 -109 -89 +128 +114 -123)
(+1 +2 +3 +4 +5 +6 +7 +8 +9 +10 +11 +12 +13 +14 +15 +16 +17 +18 +19 +20 +21 +22 +23 +24 +25 +26 +27 +28 +29 +30 +31 +32 +33 +34 +35 +36 +37 +38 +39 +40 +41 +42 +43 +44 +45 +46 +47 +48 +49 +74 +80 +121 -98 -52 -92 +78 -122 -112 -95 +120 +68 +69 +56 +103 -54 -113 -62 +93 -64 +110 +55 -111 +100 -76 +75 -96 -73 +124 +115 -101 +108 +118 +104 +85 -87 -58 -106 -72 -88 +65 +51 -83 +90 -102 +107 -70 -63 -60 -126 +94 +99 +86 +50 -84 -67 +82 -59 -61 +105 +53 +66 -127 -119 +97 -116 +91 +71 +117 -77 -125 -57 +81 +79 -109 -89 +128 +114 -123)
(+1 +2 +3 +4 +5 +6 +7 +8 +9 +10 +11 +12 +13 +14 +15 +16 +17 +18 +19 +20 +21 +22 +23 +24 +25 +26 +27 +28 +29 +30 +31 +32 +33 +34 +35 +36 +37 +38 +39 +40 +41 +42 +43 +44 +45 +46 +47 +48 +49 -50 -86 -99 -94 +126 +60 +63 +70 -107 +102 -90 +83 -51 -65 +88 +72 +106 +58 +87 -85 -104 -118 -108 +101 -115 -124 +73 +96 -75 +76 -100 +111 -55 -110 +64 -93 +62 +113 +54 -103 -56 -69 -68 -120 +95 +112 +122 -78 +92 +52 +98 -121 -80 -74 -84 -67 +82 -59 -61 +105 +53 +66 -127 -119 +97 -116 +91 +71 +117 -77 -125 -57 +81 +79 -109 -89 +128 +114 -123)
(+1 +2 +3 +4 +5 +6 +7 +8 +9 +10 +11 +12 +13 +14 +15 +16 +17 +18 +19 +20 +21 +22 +23 +24 +25 +26 +27 +28 +29 +30 +31 +32 +33 +34 +35 +36 +37 +38 +39 +40 +41 +42 +43 +44 +45 +46 +47 +48 +49 +50 -86 -99 -94 +126 +60 +63 +70 -107 +102 -90 +83 -51 -65 +88 +72 +106 +58 +87 -85 -104 -118 -108 +101 -115 -124 +73 +96 -75 +76 -100 +111 -55 -110 +64 -93 +62 +113 +54 -103 -56 -69 -68 -120 +95 +112 +122 -78 +92 +52 +98 -121 -80 -74 -84 -67 +82 -59 -61 +105 +53 +66 -127 -119 +97 -116 +91 +71 +117 -77 -125 -57 +81 +79 -109 -89 +128 +114 -123)
(+1 +2 +3 +4 +5 +6 +7 +8 +9 +10 +11 +12 +13 +14 +15 +16 +17 +18 +19 +20 +21 +22 +23 +24 +25 +26 +27 +28 +29 +30 +31 +32 +33 +34 +35 +36 +37 +38 +39 +40 +41 +42 +43 +44 +45 +46 +47 +48 +49 +50 +51 -83 +90 -102 +107 -70 -63 -60 -126 +94 +99 +86 -65 +88 +72 +106 +58 +87 -85 -104 -118 -108 +101 -115 -124 +73 +96 -75 +76 -100 +111 -55 -110 +64 -93 +62 +113 +54 -103 -56 -69 -68 -120 +95 +112 +122 -78 +92 +52 +98 -121 -80 -74 -84 -67 +82 -59 -61 +105 +53 +66 -127 -119 +97 -116 +91 +71 +117 -77 -125 -57 +81 +79 -109 -89 +128 +114 -123)
(+1 +2 +3 +4 +5 +6 +7 +8 +9 +10 +11 +12 +13 +14 +15 +16 +17 +18 +19 +20 +21 +22 +23 +24 +25 +26 +27 +28 +29 +30 +31 +32 +33 +34 +35 +36 +37 +38 +39 +40 +41 +42 +43 +44 +45 +46 +47 +48 +49 +50 +51 -52 -92 +78 -122 -112 -95 +120 +68 +69 +56 +103 -54 -113 -62 +93 -64 +110 +55 -111 +100 -76 +75 -96 -73 +124 +115 -101 +108 +118 +104 +85 -87 -58 -106 -72 -88 +65 -86 -99 -94 +126 +60 +63 +70 -107 +102 -90 +83 +98 -121 -80 -74 -84 -67 +82 -59 -61 +105 +53 +66 -127 -119 +97 -116 +91 +71 +117 -77 -125 -57 +81 +79 -109 -89 +128 +114 -123)
(+1 +2 +3 +4 +5 +6 +7 +8 +9 +10 +11 +12 +13 +14 +15 +16 +17 +18 +19 +20 +21 +22 +23 +24 +25 +26 +27 +28 +29 +30 +31 +32 +33 +34 +35 +36 +37 +38 +39 +40 +41 +42 +43 +44 +45 +46 +47 +48 +49 +50 +51 +52 -92 +78 -122 -112 -95 +120 +68 +69 +56 +103 -54 -113 -62 +93 -64 +110 +55 -111 +100 -76 +75 -96 -73 +124 +115 -101 +108 +118 +104 +85 -87 -58 -106 -72 -88 +65 -86 -99 -94 +126 +60 +63 +70 -107 +102 -90 +83 +98 -121 -80 -74 -84 -67 +82 -59 -61 +105 +53 +66 -127 -119 +97 -116 +91 +71 +117 -77 -125 -57 +81 +79 -109 -89 +128 +114 -123)
(+1 +2 +3 +4 +5 +6 +7 +8 +9 +10 +11 +12 +13 +14 +15 +16 +17 +18 +19 +20 +21 +22 +23 +24 +25 +26 +27 +28 +29 +30 +31 +32 +33 +34 +35 +36 +37 +38 +39 +40 +41 +42 +43 +44 +45 +46 +47 +48 +49 +50 +51 +52 -53 -105 +61 +59 -82 +67 +84 +74 +80 +121 -98 -83 +90 -102 +107 -70 -63 -60 -126 +94 +99 +86 -65 +88 +72 +106 +58 +87 -85 -104 -118 -108 +101 -115 -124 +73 +96 -75 +76 -100 +111 -55 -110 +64 -93 +62 +113 +54 -103 -56 -69 -68 -120 +95 +112 +122 -78 +92 +66 -127 -119 +97 -116 +91 +71 +117 -77 -125 -57 +81 +79 -109 -89 +128 +114 -123)
(+1 +2 +3 +4 +5 +6 +7 +8 +9 +10 +11 +12 +13 +14 +15 +16 +17 +18 +19 +20 +21 +22 +23 +24 +25 +26 +27 +28 +29 +30 +31 +32 +33 +34 +35 +36 +37 +38 +39 +40 +41 +42 +43 +44 +45 +46 +47 +48 +49 +50 +51 +52 +53 -105 +61 +59 -82 +67 +84 +74 +80 +121 -98 -83 +90 -102 +107 -70 -63 -60 -126 +94 +99 +86 -65 +88 +72 +106 +58 +87 -85 -104 -118 -108 +101 -115 -124 +73 +96 -75 +76 -100 +111 -55 -110 +64 -93 +62 +113 +54 -103 -56 -69 -68 -120 +95 +112 +122 -78 +92 +66 -127 -119 +97 -116 +91 +71 +117 -77 -125 -57 +81 +79 -109 -89 +128 +114 -123)
(+1 +2 +3 +4 +5 +6 +7 +8 +9 +10 +11 +12 +13 +14 +15 +16 +17 +18 +19 +20 +21 +22 +23 +24 +25 +26 +27 +28 +29 +30 +31 +32 +33 +34 +35 +36 +37 +38 +39 +40 +41 +42 +43 +44 +45 +46 +47 +48 +49 +50 +51 +52 +53 -54 -113 -62 +93 -64 +110 +55 -111 +100 -76 +75 -96 -73 +124 +115 -101 +108 +118 +104 +85 -87 -58 -106 -72 -88 +65 -86 -99 -94 +126 +60 +63 +70 -107 +102 -90 +83 +98 -121 -80 -74 -84 -67 +82 -59 -61 +105 -103 -56 -69 -68 -120 +95 +112 +122 -78 +92 +66 -127 -119 +97 -116 +91 +71 +117 -77 -125 -57 +81 +79 -109 -89 +128 +114 -123)
(+1 +2 +3 +4 +5 +6 +7 +8 +9 +10 +11 +12 +13 +14 +15 +16 +17 +18 +19 +20 +21 +22 +23 +24 +25 +26 +27 +28 +29 +30 +31 +32 +33 +34 +35 +36 +37 +38 +39 +40 +41 +42 +43 +44 +45 +46 +47 +48 +49 +50 +51 +52 +53 +54 -113 -62 +93 -64 +110 +55 -111 +100 -76 +75 -96 -73 +124 +115 -101 +108 +118 +104 +85 -87 -58 -106 -72 -88 +65 -86 -99 -94 +126 +60 +63 +70 -107 +102 -90 +83 +98 -121 -80 -74 -84 -67 +82 -59 -61 +105 -103 -56 -69 -68 -120 +95 +112 +122 -78 +92 +66 -127 -119 +97 -116 +91 +71 +117 -77 -125 -57 +81 +79 -109 -89 +128 +114 -123)
(+1 +2 +3 +4 +5 +6 +7 +8 +9 +10 +11 +12 +13 +14 +15 +16 +17 +18 +19 +20 +21 +22 +23 +24 +25 +26 +27 +28 +29 +30 +31 +32 +33 +34 +35 +36 +37 +38 +39 +40 +41 +42 +43 +44 +45 +46 +47 +48 +49 +50 +51 +52 +53 +54 -55 -110 +64 -93 +62 +113 -111 +100 -76 +75 -96 -73 +124 +115 -101 +108 +118 +104 +85 -87 -58 -106 -72 -88 +65 -86 -99 -94 +126 +60 +63 +70 -107 +102 -90 +83 +98 -121 -80 -74 -84 -67 +82 -59 -61 +105 -103 -56 -69 -68 -120 +95 +112 +122 -78 +92 +66 -127 -119 +97 -116 +91 +71 +117 -77 -125 -57 +81 +79 -109 -89 +128 +114 -123)
(+1 +2 +3 +4 +5 +6 +7 +8 +9 +10 +11 +12 +13 +14 +15 +16 +17 +18 +19 +20 +21 +22 +23 +24 +25 +26 +27 +28 +29 +30 +31 +32 +33 +34 +35 +36 +37 +38 +39 +40 +41 +42 +43 +44 +45 +46 +47 +48 +49 +50 +51 +52 +53 +54 +55 -110 +64 -93 +62 +113 -111 +100 -76 +75 -96 -73 +124 +115 -101 +108 +118 +104 +85 -87 -58 -106 -72 -88 +65 -86 -99 -94 +126 +60 +63 +70 -107 +102 -90 +83 +98 -121 -80 -74 -84 -67 +82 -59 -61 +105 -103 -56 -69 -68 -120 +95 +112 +122 -78 +92 +66 -127 -119 +97 -116 +91 +71 +117 -77 -125 -57 +81 +79 -109 -89 +128 +114 -123)
(+1 +2 +3 +4 +5 +6 +7 +8 +9 +10 +11 +12 +13 +14 +15 +16 +17 +18 +19 +20 +21 +22 +23 +24 +25 +26 +27 +28 +29 +30 +31 +32 +33 +34 +35 +36 +37 +38 +39 +40 +41 +42 +43 +44 +45 +46 +47 +48 +49 +50 +51 +52 +53 +54 +55 +56 +103 -105 +61 +59 -82 +67 +84 +74 +80 +121 -98 -83 +90 -102 +107 -70 -63 -60 -126 +94 +99 +86 -65 +88 +72 +106 +58 +87 -85 -104 -118 -108 +101 -115 -124 +73 +96 -75 +76 -100 +111 -113 -62 +93 -64 +110 -69 -68 -120 +95 +112 +122 -78 +92 +66 -127 -119 +97 -116 +91 +71 +117 -77 -125 -57 +81 +79 -109 -89 +128 +114 -123)
(+1 +2 +3 +4 +5 +6 +7 +8 +9 +10 +11 +12 +13 +14 +15 +16 +17 +18 +19 +20 +21 +22 +23 +24 +25 +26 +27 +28 +29 +30 +31 +32 +33 +34 +35 +36 +37 +38 +39 +40 +41 +42 +43 +44 +45 +46 +47 +48 +49 +50 +51 +52 +53 +54 +55 +56 +57 +125 +77 -117 -71 -91 +116 -97 +119 +127 -66 -92 +78 -122 -112 -95 +120 +68 +69 -110 +64 -93 +62 +113 -111 +100 -76 +75 -96 -73 +124 +115 -101 +108 +118 +104 +85 -87 -58 -106 -72 -88 +65 -86 -99 -94 +126 +60 +63 +70 -107 +102 -90 +83 +98 -121 -80 -74 -84 -67 +82 -59 -61 +105 -103 +81 +79 -109 -89 +128 +114 -123)
(+1 +2 +3 +4 +5 +6 +7 +8 +9 +10 +11 +12 +13 +14 +15 +16 +17 +18 +19 +20 +21 +22 +23 +24 +25 +26 +27 +28 +29 +30 +31 +32 +33 +34 +35 +36 +37 +38 +39 +40 +41 +42 +43 +44 +45 +46 +47 +48 +49 +50 +51 +52 +53 +54 +55 +56 +57 +58 +87 -85 -104 -118 -108 +101 -115 -124 +73 +96 -75 +76 -100 +111 -113 -62 +93 -64 +110 -69 -68 -120 +95 +112 +122 -78 +92 +66 -127 -119 +97 -116 +91 +71 +117 -77 -125 -106 -72 -88 +65 -86 -99 -94 +126 +60 +63 +70 -107 +102 -90 +83 +98 -121 -80 -74 -84 -67 +82 -59 -61 +105 -103 +81 +79 -109 -89 +128 +114 -123)
(+1 +2 +3 +4 +5 +6 +7 +8 +9 +10 +11 +12 +13 +14 +15 +16 +17 +18 +19 +20 +21 +22 +23 +24 +25 +26 +27 +28 +29 +30 +31 +32 +33 +34 +35 +36 +37 +38 +39 +40 +41 +42 +43 +44 +45 +46 +47 +48 +49 +50 +51 +52 +53 +54 +55 +56 +57 +58 +59 -82 +67 +84 +74 +80 +121 -98 -83 +90 -102 +107 -70 -63 -60 -126 +94 +99 +86 -65 +88 +72 +106 +125 +77 -117 -71 -91 +116 -97 +119 +127 -66 -92 +78 -122 -112 -95 +120 +68 +69 -110 +64 -93 +62 +113 -111 +100 -76 +75 -96 -73 +124 +115 -101 +108 +118 +104 +85 -87 -61 +105 -103 +81 +79 -109 -89 +128 +114 -123)
(+1 +2 +3 +4 +5 +6 +7 +8 +9 +10 +11 +12 +13 +14 +15 +16 +17 +18 +19 +20 +21 +22 +23 +24 +25 +26 +27 +28 +29 +30 +31 +32 +33 +34 +35 +36 +37 +38 +39 +40 +41 +42 +43 +44 +45 +46 +47 +48 +49 +50 +51 +52 +53 +54 +55 +56 +57 +58 +59 +60 +63 +70 -107 +102 -90 +83 +98 -121 -80 -74 -84 -67 +82 -126 +94 +99 +86 -65 +88 +72 +106 +125 +77 -117 -71 -91 +116 -97 +119 +127 -66 -92 +78 -122 -112 -95 +120 +68 +69 -110 +64 -93 +62 +113 -111 +100 -76 +75 -96 -73 +124 +115 -101 +108 +118 +104 +85 -87 -61 +105 -103 +81 +79 -109 -89 +128 +114 -123)
(+1 +2 +3 +4 +5 +6 +7 +8 +9 +10 +11 +12 +13 +14 +15 +16 +17 +18 +19 +20 +21 +22 +23 +24 +25 +26 +27 +28 +29 +30 +31 +32 +33 +34 +35 +36 +37 +38 +39 +40 +41 +42 +43 +44 +45 +46 +47 +48 +49 +50 +51 +52 +53 +54 +55 +56 +57 +58 +59 +60 +61 +87 -85 -104 -118 -108 +101 -115 -124 +73 +96 -75 +76 -100 +111 -113 -62 +93 -64 +110 -69 -68 -120 +95 +112 +122 -78 +92 +66 -127 -119 +97 -116 +91 +71 +117 -77 -125 -106 -72 -88 +65 -86 -99 -94 +126 -82 +67 +84 +74 +80 +121 -98 -83 +90 -102 +107 -70 -63 +105 -103 +81 +79 -109 -89 +128 +114 -123)
(+1 +2 +3 +4 +5 +6 +7 +8 +9 +10 +11 +12 +13 +14 +15 +16 +17 +18 +19 +20 +21 +22 +23 +24 +25 +26 +27 +28 +29 +30 +31 +32 +33 +34 +35 +36 +37 +38 +39 +40 +41 +42 +43 +44 +45 +46 +47 +48 +49 +50 +51 +52 +53 +54 +55 +56 +57 +58 +59 +60 +61 +62 +113 -111 +100 -76 +75 -96 -73 +124 +115 -101 +108 +118 +104 +85 -87 +93 -64 +110 -69 -68 -120 +95 +112 +122 -78 +92 +66 -127 -119 +97 -116 +91 +71 +117 -77 -125 -106 -72 -88 +65 -86 -99 -94 +126 -82 +67 +84 +74 +80 +121 -98 -83 +90 -102 +107 -70 -63 +105 -103 +81 +79 -109 -89 +128 +114 -123)
(+1 +2 +3 +4 +5 +6 +7 +8 +9 +10 +11 +12 +13 +14 +15 +16 +17 +18 +19 +20 +21 +22 +23 +24 +25 +26 +27 +28 +29 +30 +31 +32 +33 +34 +35 +36 +37 +38 +39 +40 +41 +42 +43 +44 +45 +46 +47 +48 +49 +50 +51 +52 +53 +54 +55 +56 +57 +58 +59 +60 +61 +62 +63 +70 -107 +102 -90 +83 +98 -121 -80 -74 -84 -67 +82 -126 +94 +99 +86 -65 +88 +72 +106 +125 +77 -117 -71 -91 +116 -97 +119 +127 -66 -92 +78 -122 -112 -95 +120 +68 +69 -110 +64 -93 +87 -85 -104 -118 -108 +101 -115 -124 +73 +96 -75 +76 -100 +111 -113 +105 -103 +81 +79 -109 -89 +128 +114 -123)
(+1 +2 +3 +4 +5 +6 +7 +8 +9 +10 +11 +12 +13 +14 +15 +16 +17 +18 +19 +20 +21 +22 +23 +24 +25 +26 +27 +28 +29 +30 +31 +32 +33 +34 +35 +36 +37 +38 +39 +40 +41 +42 +43 +44 +45 +46 +47 +48 +49 +50 +51 +52 +53 +54 +55 +56 +57 +58 +59 +60 +61 +62 +63 -64 +110 -69 -68 -120 +95 +112 +122 -78 +92 +66 -127 -119 +97 -116 +91 +71 +117 -77 -125 -106 -72 -88 +65 -86 -99 -94 +126 -82 +67 +84 +74 +80 +121 -98 -83 +90 -102 +107 -70 -93 +87 -85 -104 -118 -108 +101 -115 -124 +73 +96 -75 +76 -100 +111 -113 +105 -103 +81 +79 -109 -89 +128 +114 -123)
(+1 +2 +3 +4 +5 +6 +7 +8 +9 +10 +11 +12 +13 +14 +15 +16 +17 +18 +19 +20 +21 +22 +23 +24 +25 +26 +27 +28 +29 +30 +31 +32 +33 +34 +35 +36 +37 +38 +39 +40 +41 +42 +43 +44 +45 +46 +47 +48 +49 +50 +51 +52 +53 +54 +55 +56 +57 +58 +59 +60 +61 +62 +63 +64 +110 -69 -68 -120 +95 +112 +122 -78 +92 +66 -127 -119 +97 -116 +91 +71 +117 -77 -125 -106 -72 -88 +65 -86 -99 -94 +126 -82 +67 +84 +74 +80 +121 -98 -83 +90 -102 +107 -70 -93 +87 -85 -104 -118 -108 +101 -115 -124 +73 +96 -75 +76 -100 +111 -113 +105 -103 +81 +79 -109 -89 +128 +114 -123)
(+1 +2 +3 +4 +5 +6 +7 +8 +9 +10 +11 +12 +13 +14 +15 +16 +17 +18 +19 +20 +21 +22 +23 +24 +25 +26 +27 +28 +29 +30 +31 +32 +33 +34 +35 +36 +37 +38 +39 +40 +41 +42 +43 +44 +45 +46 +47 +48 +49 +50 +51 +52 +53 +54 +55 +56 +57 +58 +59 +60 +61 +62 +63 +64 -65 +88 +72 +106 +125 +77 -117 -71 -91 +116 -97 +119 +127 -66 -92 +78 -122 -112 -95 +120 +68 +69 -110 -86 -99 -94 +126 -82 +67 +84 +74 +80 +121 -98 -83 +90 -102 +107 -70 -93 +87 -85 -104 -118 -108 +101 -115 -124 +73 +96 -75 +76 -100 +111 -113 +105 -103 +81 +79 -109 -89 +128 +114 -123)
(+1 +2 +3 +4 +5 +6 +7 +8 +9 +10 +11 +12 +13 +14 +15 +16 +17 +18 +19 +20 +21 +22 +23 +24 +25 +26 +27 +28 +29 +30 +31 +32 +33 +34 +35 +36 +37 +38 +39 +40 +41 +42 +43 +44 +45 +46 +47 +48 +49 +50 +51 +52 +53 +54 +55 +56 +57 +58 +59 +60 +61 +62 +63 +64 +65 +88 +72 +106 +125 +77 -117 -71 -91 +116 -97 +119 +127 -66 -92 +78 -122 -112 -95 +120 +68 +69 -110 -86 -99 -94 +126 -82 +67 +84 +74 +80 +121 -98 -83 +90 -102 +107 -70 -93 +87 -85 -104 -118 -108 +101 -115 -124 +73 +96 -75 +76 -100 +111 -113 +105 -103 +81 +79 -109 -89 +128 +114 -123)
(+1 +2 +3 +4 +5 +6 +7 +8 +9 +10 +11 +12 +13 +14 +15 +16 +17 +18 +19 +20 +21 +22 +23 +24 +25 +26 +27 +28 +29 +30 +31 +32 +33 +34 +35 +36 +37 +38 +39 +40 +41 +42 +43 +44 +45 +46 +47 +48 +49 +50 +51 +52 +53 +54 +55 +56 +57 +58 +59 +60 +61 +62 +63 +64 +65 +66 -127 -119 +97 -116 +91 +71 +117 -77 -125 -106 -72 -88 -92 +78 -122 -112 -95 +120 +68 +69 -110 -86 -99 -94 +126 -82 +67 +84 +74 +80 +121 -98 -83 +90 -102 +107 -70 -93 +87 -85 -104 -118 -108 +101 -115 -124 +73 +96 -75 +76 -100 +111 -113 +105 -103 +81 +79 -109 -89 +128 +114 -123)
(+1 +2 +3 +4 +5 +6 +7 +8 +9 +10 +11 +12 +13 +14 +15 +16 +17 +18 +19 +20 +21 +22 +23 +24 +25 +26 +27 +28 +29 +30 +31 +32 +33 +34 +35 +36 +37 +38 +39 +40 +41 +42 +43 +44 +45 +46 +47 +48 +49 +50 +51 +52 +53 +54 +55 +56 +57 +58 +59 +60 +61 +62 +63 +64 +65 +66 -67 +82 -126 +94 +99 +86 +110 -69 -68 -120 +95 +112 +122 -78 +92 +88 +72 +106 +125 +77 -117 -71 -91 +116 -97 +119 +127 +84 +74 +80 +121 -98 -83 +90 -102 +107 -70 -93 +87 -85 -104 -118 -108 +101 -115 -124 +73 +96 -75 +76 -100 +111 -113 +105 -103 +81 +79 -109 -89 +128 +114 -123)
(+1 +2 +3 +4 +5 +6 +7 +8 +9 +10 +11 +12 +13 +14 +15 +16 +17 +18 +19 +20 +21 +22 +23 +24 +25 +26 +27 +28 +29 +30 +31 +32 +33 +34 +35 +36 +37 +38 +39 +40 +41 +42 +43 +44 +45 +46 +47 +48 +49 +50 +51 +52 +53 +54 +55 +56 +57 +58 +59 +60 +61 +62 +63 +64 +65 +66 +67 +82 -126 +94 +99 +86 +110 -69 -68 -120 +95 +112 +122 -78 +92 +88 +72 +106 +125 +77 -117 -71 -91 +116 -97 +119 +127 +84 +74 +80 +121 -98 -83 +90 -102 +107 -70 -93 +87 -85 -104 -118 -108 +101 -115 -124 +73 +96 -75 +76 -100 +111 -113 +105 -103 +81 +79 -109 -89 +128 +114 -123)
(+1 +2 +3 +4 +5 +6 +7 +8 +9 +10 +11 +12 +13 +14 +15 +16 +17 +18 +19 +20 +21 +22 +23 +24 +25 +26 +27 +28 +29 +30 +31 +32 +33 +34 +35 +36 +37 +38 +39 +40 +41 +42 +43 +44 +45 +46 +47 +48 +49 +50 +51 +52 +53 +54 +55 +56 +57 +58 +59 +60 +61 +62 +63 +64 +65 +66 +67 +68 +69 -110 -86 -99 -94 +126 -82 -120 +95 +112 +122 -78 +92 +88 +72 +106 +125 +77 -117 -71 -91 +116 -97 +119 +127 +84 +74 +80 +121 -98 -83 +90 -102 +107 -70 -93 +87 -85 -104 -118 -108 +101 -115 -124 +73 +96 -75 +76 -100 +111 -113 +105 -103 +81 +79 -109 -89 +128 +114 -123)
(+1 +2 +3 +4 +5 +6 +7 +8 +9 +10 +11 +12 +13 +14 +15 +16 +17 +18 +19 +20 +21 +22 +23 +24 +25 +26 +27 +28 +29 +30 +31 +32 +33 +34 +35 +36 +37 +38 +39 +40 +41 +42 +43 +44 +45 +46 +47 +48 +49 +50 +51 +52 +53 +54 +55 +56 +57 +58 +59 +60 +61 +62 +63 +64 +65 +66 +67 +68 +69 +70 -107 +102 -90 +83 +98 -121 -80 -74 -84 -127 -119 +97 -116 +91 +71 +117 -77 -125 -106 -72 -88 -92 +78 -122 -112 -95 +120 +82 -126 +94 +99 +86 +110 -93 +87 -85 -104 -118 -108 +101 -115 -124 +73 +96 -75 +76 -100 +111 -113 +105 -103 +81 +79 -109 -89 +128 +114 -123)
(+1 +2 +3 +4 +5 +6 +7 +8 +9 +10 +11 +12 +13 +14 +15 +16 +17 +18 +19 +20 +21 +22 +23 +24 +25 +26 +27 +28 +29 +30 +31 +32 +33 +34 +35 +36 +37 +38 +39 +40 +41 +42 +43 +44 +45 +46 +47 +48 +49 +50 +51 +52 +53 +54 +55 +56 +57 +58 +59 +60 +61 +62 +63 +64 +65 +66 +67 +68 +69 +70 -71 -91 +116 -97 +119 +127 +84 +74 +80 +121 -98 -83 +90 -102 +107 +117 -77 -125 -106 -72 -88 -92 +78 -122 -112 -95 +120 +82 -126 +94 +99 +86 +110 -93 +87 -85 -104 -118 -108 +101 -115 -124 +73 +96 -75 +76 -100 +111 -113 +105 -103 +81 +79 -109 -89 +128 +114 -123)
(+1 +2 +3 +4 +5 +6 +7 +8 +9 +10 +11 +12 +13 +14 +15 +16 +17 +18 +19 +20 +21 +22 +23 +24 +25 +26 +27 +28 +29 +30 +31 +32 +33 +34 +35 +36 +37 +38 +39 +40 +41 +42 +43 +44 +45 +46 +47 +48 +49 +50 +51 +52 +53 +54 +55 +56 +57 +58 +59 +60 +61 +62 +63 +64 +65 +66 +67 +68 +69 +70 +71 -91 +116 -97 +119 +127 +84 +74 +80 +121 -98 -83 +90 -102 +107 +117 -77 -125 -106 -72 -88 -92 +78 -122 -112 -95 +120 +82 -126 +94 +99 +86 +110 -93 +87 -85 -104 -118 -108 +101 -115 -124 +73 +96 -75 +76 -100 +111 -113 +105 -103 +81 +79 -109 -89 +128 +114 -123)
(+1 +2 +3 +4 +5 +6 +7 +8 +9 +10 +11 +12 +13 +14 +15 +16 +17 +18 +19 +20 +21 +22 +23 +24 +25 +26 +27 +28 +29 +30 +31 +32 +33 +34 +35 +36 +37 +38 +39 +40 +41 +42 +43 +44 +45 +46 +47 +48 +49 +50 +51 +52 +53 +54 +55 +56 +57 +58 +59 +60 +61 +62 +63 +64 +65 +66 +67 +68 +69 +70 +71 +72 +106 +125 +77 -117 -107 +102 -90 +83 +98 -121 -80 -74 -84 -127 -119 +97 -116 +91 -88 -92 +78 -122 -112 -95 +120 +82 -126 +94 +99 +86 +110 -93 +87 -85 -104 -118 -108 +101 -115 -124 +73 +96 -75 +76 -100 +111 -113 +105 -103 +81 +79 -109 -89 +128 +114 -123)
(+1 +2 +3 +4 +5 +6 +7 +8 +9 +10 +11 +12 +13 +14 +15 +16 +17 +18 +19 +20 +21 +22 +23 +24 +25 +26 +27 +28 +29 +30 +31 +32 +33 +34 +35 +36 +37 +38 +39 +40 +41 +42 +43 +44 +45 +46 +47 +48 +49 +50 +51 +52 +53 +54 +55 +56 +57 +58 +59 +60 +61 +62 +63 +64 +65 +66 +67 +68 +69 +70 +71 +72 -73 +124 +115 -101 +108 +118 +104 +85 -87 +93 -110 -86 -99 -94 +126 -82 -120 +95 +112 +122 -78 +92 +88 -91 +116 -97 +119 +127 +84 +74 +80 +121 -98 -83 +90 -102 +107 +117 -77 -125 -106 +96 -75 +76 -100 +111 -113 +105 -103 +81 +79 -109 -89 +128 +114 -123)
(+1 +2 +3 +4 +5 +6 +7 +8 +9 +10 +11 +12 +13 +14 +15 +16 +17 +18 +19 +20 +21 +22 +23 +24 +25 +26 +27 +28 +29 +30 +31 +32 +33 +34 +35 +36 +37 +38 +39 +40 +41 +42 +43 +44 +45 +46 +47 +48 +49 +50 +51 +52 +53 +54 +55 +56 +57 +58 +59 +60 +61 +62 +63 +64 +65 +66 +67 +68 +69 +70 +71 +72 +73 +124 +115 -101 +108 +118 +104 +85 -87 +93 -110 -86 -99 -94 +126 -82 -120 +95 +112 +122 -78 +92 +88 -91 +116 -97 +119 +127 +84 +74 +80 +121 -98 -83 +90 -102 +107 +117 -77 -125 -106 +96 -75 +76 -100 +111 -113 +105 -103 +81 +79 -109 -89 +128 +114 -123)
(+1 +2 +3 +4 +5 +6 +7 +8 +9 +10 +11 +12 +13 +14 +15 +16 +17 +18 +19 +20 +21 +22 +23 +24 +25 +26 +27 +28 +29 +30 +31 +32 +33 +34 +35 +36 +37 +38 +39 +40 +41 +42 +43 +44 +45 +46 +47 +48 +49 +50 +51 +52 +53 +54 +55 +56 +57 +58 +59 +60 +61 +62 +63 +64 +65 +66 +67 +68 +69 +70 +71 +72 +73 -74 -84 -127 -119 +97 -116 +91 -88 -92 +78 -122 -112 -95 +120 +82 -126 +94 +99 +86 +110 -93 +87 -85 -104 -118 -108 +101 -115 -124 +80 +121 -98 -83 +90 -102 +107 +117 -77 -125 -106 +96 -75 +76 -100 +111 -113 +105 -103 +81 +79 -109 -89 +128 +114 -123)
(+1 +2 +3 +4 +5 +6 +7 +8 +9 +10 +11 +12 +13 +14 +15 +16 +17 +18 +19 +20 +21 +22 +23 +24 +25 +26 +27 +28 +29 +30 +31 +32 +33 +34 +35 +36 +37 +38 +39 +40 +41 +42 +43 +44 +45 +46 +47 +48 +49 +50 +51 +52 +53 +54 +55 +56 +57 +58 +59 +60 +61 +62 +63 +64 +65 +66 +67 +68 +69 +70 +71 +72 +73 +74 -84 -127 -119 +97 -116 +91 -88 -92 +78 -122 -112 -95 +120 +82 -126 +94 +99 +86 +110 -93 +87 -85 -104 -118 -108 +101 -115 -124 +80 +121 -98 -83 +90 -102 +107 +117 -77 -125 -106 +96 -75 +76 -100 +111 -113 +105 -103 +81 +79 -109 -89 +128 +114 -123)
(+1 +2 +3 +4 +5 +6 +7 +8 +9 +10 +11 +12 +13 +14 +15 +16 +17 +18 +19 +20 +21 +22 +23 +24 +25 +26 +27 +28 +29 +30 +31 +32 +33 +34 +35 +36 +37 +38 +39 +40 +41 +42 +43 +44 +45 +46 +47 +48 +49 +50 +51 +52 +53 +54 +55 +56 +57 +58 +59 +60 +61 +62 +63 +64 +65 +66 +67 +68 +69 +70 +71 +72 +73 +74 +75 -96 +106 +125 +77 -117 -107 +102 -90 +83 +98 -121 -80 +124 +115 -101 +108 +118 +104 +85 -87 +93 -110 -86 -99 -94 +126 -82 -120 +95 +112 +122 -78 +92 +88 -91 +116 -97 +119 +127 +84 +76 -100 +111 -113 +105 -103 +81 +79 -109 -89 +128 +114 -123)
(+1 +2 +3 +4 +5 +6 +7 +8 +9 +10 +11 +12 +13 +14 +15 +16 +17 +18 +19 +20 +21 +22 +23 +24 +25 +26 +27 +28 +29 +30 +31 +32 +33 +34 +35 +36 +37 +38 +39 +40 +41 +42 +43 +44 +45 +46 +47 +48 +49 +50 +51 +52 +53 +54 +55 +56 +57 +58 +59 +60 +61 +62 +63 +64 +65 +66 +67 +68 +69 +70 +71 +72 +73 +74 +75 -76 -84 -127 -119 +97 -116 +91 -88 -92 +78 -122 -112 -95 +120 +82 -126 +94 +99 +86 +110 -93 +87 -85 -104 -118 -108 +101 -115 -124 +80 +121 -98 -83 +90 -102 +107 +117 -77 -125 -106 +96 -100 +111 -113 +105 -103 +81 +79 -109 -89 +128 +114 -123)
(+1 +2 +3 +4 +5 +6 +7 +8 +9 +10 +11 +12 +13 +14 +15 +16 +17 +18 +19 +20 +21 +22 +23 +24 +25 +26 +27 +28 +29 +30 +31 +32 +33 +34 +35 +36 +37 +38 +39 +40 +41 +42 +43 +44 +45 +46 +47 +48 +49 +50 +51 +52 +53 +54 +55 +56 +57 +58 +59 +60 +61 +62 +63 +64 +65 +66 +67 +68 +69 +70 +71 +72 +73 +74 +75 +76 -84 -127 -119 +97 -116 +91 -88 -92 +78 -122 -112 -95 +120 +82 -126 +94 +99 +86 +110 -93 +87 -85 -104 -118 -108 +101 -115 -124 +80 +121 -98 -83 +90 -102 +107 +117 -77 -125 -106 +96 -100 +111 -113 +105 -103 +81 +79 -109 -89 +128 +114 -123)
(+1 +2 +3 +4 +5 +6 +7 +8 +9 +10 +11 +12 +13 +14 +15 +16 +17 +18 +19 +20 +21 +22 +23 +24 +25 +26 +27 +28 +29 +30 +31 +32 +33 +34 +35 +36 +37 +38 +39 +40 +41 +42 +43 +44 +45 +46 +47 +48 +49 +50 +51 +52 +53 +54 +55 +56 +57 +58 +59 +60 +61 +62 +63 +64 +65 +66 +67 +68 +69 +70 +71 +72 +73 +74 +75 +76 +77 -117 -107 +102 -90 +83 +98 -121 -80 +124 +115 -101 +108 +118 +104 +85 -87 +93 -110 -86 -99 -94 +126 -82 -120 +95 +112 +122 -78 +92 +88 -91 +116 -97 +119 +127 +84 -125 -106 +96 -100 +111 -113 +105 -103 +81 +79 -109 -89 +128 +114 -123)
(+1 +2 +3 +4 +5 +6 +7 +8 +9 +10 +11 +12 +13 +14 +15 +16 +17 +18 +19 +20 +21 +22 +23 +24 +25 +26 +27 +28 +29 +30 +31 +32 +33 +34 +35 +36 +37 +38 +39 +40 +41 +42 +43 +44 +45 +46 +47 +48 +49 +50 +51 +52 +53 +54 +55 +56 +57 +58 +59 +60 +61 +62 +63 +64 +65 +66 +67 +68 +69 +70 +71 +72 +73 +74 +75 +76 +77 +78 -122 -112 -95 +120 +82 -126 +94 +99 +86 +110 -93 +87 -85 -104 -118 -108 +101 -115 -124 +80 +121 -98 -83 +90 -102 +107 +117 +92 +88 -91 +116 -97 +119 +127 +84 -125 -106 +96 -100 +111 -113 +105 -103 +81 +79 -109 -89 +128 +114 -123)
(+1 +2 +3 +4 +5 +6 +7 +8 +9 +10 +11 +12 +13 +14 +15 +16 +17 +18 +19 +20 +21 +22 +23 +24 +25 +26 +27 +28 +29 +30 +31 +32 +33 +34 +35 +36 +37 +38 +39 +40 +41 +42 +43 +44 +45 +46 +47 +48 +49 +50 +51 +52 +53 +54 +55 +56 +57 +58 +59 +60 +61 +62 +63 +64 +65 +66 +67 +68 +69 +70 +71 +72 +73 +74 +75 +76 +77 +78 -79 -81 +103 -105 +113 -111 +100 -96 +106 +125 -84 -127 -119 +97 -116 +91 -88 -92 -117 -107 +102 -90 +83 +98 -121 -80 +124 +115 -101 +108 +118 +104 +85 -87 +93 -110 -86 -99 -94 +126 -82 -120 +95 +112 +122 -109 -89 +128 +114 -123)
(+1 +2 +3 +4 +5 +6 +7 +8 +9 +10 +11 +12 +13 +14 +15 +16 +17 +18 +19 +20 +21 +22 +23 +24 +25 +26 +27 +28 +29 +30 +31 +32 +33 +34 +35 +36 +37 +38 +39 +40 +41 +42 +43 +44 +45 +46 +47 +48 +49 +50 +51 +52 +53 +54 +55 +56 +57 +58 +59 +60 +61 +62 +63 +64 +65 +66 +67 +68 +69 +70 +71 +72 +73 +74 +75 +76 +77 +78 +79 -81 +103 -105 +113 -111 +100 -96 +106 +125 -84 -127 -119 +97 -116 +91 -88 -92 -117 -107 +102 -90 +83 +98 -121 -80 +124 +115 -101 +108 +118 +104 +85 -87 +93 -110 -86 -99 -94 +126 -82 -120 +95 +112 +122 -109 -89 +128 +114 -123)
(+1 +2 +3 +4 +5 +6 +7 +8 +9 +10 +11 +12 +13 +14 +15 +16 +17 +18 +19 +20 +21 +22 +23 +24 +25 +26 +27 +28 +29 +30 +31 +32 +33 +34 +35 +36 +37 +38 +39 +40 +41 +42 +43 +44 +45 +46 +47 +48 +49 +50 +51 +52 +53 +54 +55 +56 +57 +58 +59 +60 +61 +62 +63 +64 +65 +66 +67 +68 +69 +70 +71 +72 +73 +74 +75 +76 +77 +78 +79 +80 +121 -98 -83 +90 -102 +107 +117 +92 +88 -91 +116 -97 +119 +127 +84 -125 -106 +96 -100 +111 -113 +105 -103 +81 +124 +115 -101 +108 +118 +104 +85 -87 +93 -110 -86 -99 -94 +126 -82 -120 +95 +112 +122 -109 -89 +128 +114 -123)
(+1 +2 +3 +4 +5 +6 +7 +8 +9 +10 +11 +12 +13 +14 +15 +16 +17 +18 +19 +20 +21 +22 +23 +24 +25 +26 +27 +28 +29 +30 +31 +32 +33 +34 +35 +36 +37 +38 +39 +40 +41 +42 +43 +44 +45 +46 +47 +48 +49 +50 +51 +52 +53 +54 +55 +56 +57 +58 +59 +60 +61 +62 +63 +64 +65 +66 +67 +68 +69 +70 +71 +72 +73 +74 +75 +76 +77 +78 +79 +80 -81 +103 -105 +113 -111 +100 -96 +106 +125 -84 -127 -119 +97 -116 +91 -88 -92 -117 -107 +102 -90 +83 +98 -121 +124 +115 -101 +108 +118 +104 +85 -87 +93 -110 -86 -99 -94 +126 -82 -120 +95 +112 +122 -109 -89 +128 +114 -123)
(+1 +2 +3 +4 +5 +6 +7 +8 +9 +10 +11 +12 +13 +14 +15 +16 +17 +18 +19 +20 +21 +22 +23 +24 +25 +26 +27 +28 +29 +30 +31 +32 +33 +34 +35 +36 +37 +38 +39 +40 +41 +42 +43 +44 +45 +46 +47 +48 +49 +50 +51 +52 +53 +54 +55 +56 +57 +58 +59 +60 +61 +62 +63 +64 +65 +66 +67 +68 +69 +70 +71 +72 +73 +74 +75 +76 +77 +78 +79 +80 +81 +103 -105 +113 -111 +100 -96 +106 +125 -84 -127 -119 +97 -116 +91 -88 -92 -117 -107 +102 -90 +83 +98 -121 +124 +115 -101 +108 +118 +104 +85 -87 +93 -110 -86 -99 -94 +126 -82 -120 +95 +112 +122 -109 -89 +128 +114 -123)
(+1 +2 +3 +4 +5 +6 +7 +8 +9 +10 +11 +12 +13 +14 +15 +16 +17 +18 +19 +20 +21 +22 +23 +24 +25 +26 +27 +28 +29 +30 +31 +32 +33 +34 +35 +36 +37 +38 +39 +40 +41 +42 +43 +44 +45 +46 +47 +48 +49 +50 +51 +52 +53 +54 +55 +56 +57 +58 +59 +60 +61 +62 +63 +64 +65 +66 +67 +68 +69 +70 +71 +72 +73 +74 +75 +76 +77 +78 +79 +80 +81 +82 -126 +94 +99 +86 +110 -93 +87 -85 -104 -118 -108 +101 -115 -124 +121 -98 -83 +90 -102 +107 +117 +92 +88 -91 +116 -97 +119 +127 +84 -125 -106 +96 -100 +111 -113 +105 -103 -120 +95 +112 +122 -109 -89 +128 +114 -123)
(+1 +2 +3 +4 +5 +6 +7 +8 +9 +10 +11 +12 +13 +14 +15 +16 +17 +18 +19 +20 +21 +22 +23 +24 +25 +26 +27 +28 +29 +30 +31 +32 +33 +34 +35 +36 +37 +38 +39 +40 +41 +42 +43 +44 +45 +46 +47 +48 +49 +50 +51 +52 +53 +54 +55 +56 +57 +58 +59 +60 +61 +62 +63 +64 +65 +66 +67 +68 +69 +70 +71 +72 +73 +74 +75 +76 +77 +78 +79 +80 +81 +82 +83 +98 -121 +124 +115 -101 +108 +118 +104 +85 -87 +93 -110 -86 -99 -94 +126 +90 -102 +107 +117 +92 +88 -91 +116 -97 +119 +127 +84 -125 -106 +96 -100 +111 -113 +105 -103 -120 +95 +112 +122 -109 -89 +128 +114 -123)
(+1 +2 +3 +4 +5 +6 +7 +8 +9 +10 +11 +12 +13 +14 +15 +16 +17 +18 +19 +20 +21 +22 +23 +24 +25 +26 +27 +28 +29 +30 +31 +32 +33 +34 +35 +36 +37 +38 +39 +40 +41 +42 +43 +44 +45 +46 +47 +48 +49 +50 +51 +52 +53 +54 +55 +56 +57 +58 +59 +60 +61 +62 +63 +64 +65 +66 +67 +68 +69 +70 +71 +72 +73 +74 +75 +76 +77 +78 +79 +80 +81 +82 +83 -84 -127 -119 +97 -116 +91 -88 -92 -117 -107 +102 -90 -126 +94 +99 +86 +110 -93 +87 -85 -104 -118 -108 +101 -115 -124 +121 -98 -125 -106 +96 -100 +111 -113 +105 -103 -120 +95 +112 +122 -109 -89 +128 +114 -123)
(+1 +2 +3 +4 +5 +6 +7 +8 +9 +10 +11 +12 +13 +14 +15 +16 +17 +18 +19 +20 +21 +22 +23 +24 +25 +26 +27 +28 +29 +30 +31 +32 +33 +34 +35 +36 +37 +38 +39 +40 +41 +42 +43 +44 +45 +46 +47 +48 +49 +50 +51 +52 +53 +54 +55 +56 +57 +58 +59 +60 +61 +62 +63 +64 +65 +66 +67 +68 +69 +70 +71 +72 +73 +74 +75 +76 +77 +78 +79 +80 +81 +82 +83 +84 -127 -119 +97 -116 +91 -88 -92 -117 -107 +102 -90 -126 +94 +99 +86 +110 -93 +87 -85 -104 -118 -108 +101 -115 -124 +121 -98 -125 -106 +96 -100 +111 -113 +105 -103 -120 +95 +112 +122 -109 -89 +128 +114 -123)
(+1 +2 +3 +4 +5 +6 +7 +8 +9 +10 +11 +12 +13 +14 +15 +16 +17 +18 +19 +20 +21 +22 +23 +24 +25 +26 +27 +28 +29 +30 +31 +32 +33 +34 +35 +36 +37 +38 +39 +40 +41 +42 +43 +44 +45 +46 +47 +48 +49 +50 +51 +52 +53 +54 +55 +56 +57 +58 +59 +60 +61 +62 +63 +64 +65 +66 +67 +68 +69 +70 +71 +72 +73 +74 +75 +76 +77 +78 +79 +80 +81 +82 +83 +84 +85 -87 +93 -110 -86 -99 -94 +126 +90 -102 +107 +117 +92 +88 -91 +116 -97 +119 +127 -104 -118 -108 +101 -115 -124 +121 -98 -125 -106 +96 -100 +111 -113 +105 -103 -120 +95 +112 +122 -109 -89 +128 +114 -123)
(+1 +2 +3 +4 +5 +6 +7 +8 +9 +10 +11 +12 +13 +14 +15 +16 +17 +18 +19 +20 +21 +22 +23 +24 +25 +26 +27 +28 +29 +30 +31 +32 +33 +34 +35 +36 +37 +38 +39 +40 +41 +42 +43 +44 +45 +46 +47 +48 +49 +50 +51 +52 +53 +54 +55 +56 +57 +58 +59 +60 +61 +62 +63 +64 +65 +66 +67 +68 +69 +70 +71 +72 +73 +74 +75 +76 +77 +78 +79 +80 +81 +82 +83 +84 +85 +86 +110 -93 +87 -99 -94 +126 +90 -102 +107 +117 +92 +88 -91 +116 -97 +119 +127 -104 -118 -108 +101 -115 -124 +121 -98 -125 -106 +96 -100 +111 -113 +105 -103 -120 +95 +112 +122 -109 -89 +128 +114 -123)
(+1 +2 +3 +4 +5 +6 +7 +8 +9 +10 +11 +12 +13 +14 +15 +16 +17 +18 +19 +20 +21 +22 +23 +24 +25 +26 +27 +28 +29 +30 +31 +32 +33 +34 +35 +36 +37 +38 +39 +40 +41 +42 +43 +44 +45 +46 +47 +48 +49 +50 +51 +52 +53 +54 +55 +56 +57 +58 +59 +60 +61 +62 +63 +64 +65 +66 +67 +68 +69 +70 +71 +72 +73 +74 +75 +76 +77 +78 +79 +80 +81 +82 +83 +84 +85 +86 -87 +93 -110 -99 -94 +126 +90 -102 +107 +117 +92 +88 -91 +116 -97 +119 +127 -104 -118 -108 +101 -115 -124 +121 -98 -125 -106 +96 -100 +111 -113 +105 -103 -120 +95 +112 +122 -109 -89 +128 +114 -123)
(+1 +2 +3 +4 +5 +6 +7 +8 +9 +10 +11 +12 +13 +14 +15 +16 +17 +18 +19 +20 +21 +22 +23 +24 +25 +26 +27 +28 +29 +30 +31 +32 +33 +34 +35 +36 +37 +38 +39 +40 +41 +42 +43 +44 +45 +46 +47 +48 +49 +50 +51 +52 +53 +54 +55 +56 +57 +58 +59 +60 +61 +62 +63 +64 +65 +66 +67 +68 +69 +70 +71 +72 +73 +74 +75 +76 +77 +78 +79 +80 +81 +82 +83 +84 +85 +86 +87 +93 -110 -99 -94 +126 +90 -102 +107 +117 +92 +88 -91 +116 -97 +119 +127 -104 -118 -108 +101 -115 -124 +121 -98 -125 -106 +96 -100 +111 -113 +105 -103 -120 +95 +112 +122 -109 -89 +128 +114 -123)
(+1 +2 +3 +4 +5 +6 +7 +8 +9 +10 +11 +12 +13 +14 +15 +16 +17 +18 +19 +20 +21 +22 +23 +24 +25 +26 +27 +28 +29 +30 +31 +32 +33 +34 +35 +36 +37 +38 +39 +40 +41 +42 +43 +44 +45 +46 +47 +48 +49 +50 +51 +52 +53 +54 +55 +56 +57 +58 +59 +60 +61 +62 +63 +64 +65 +66 +67 +68 +69 +70 +71 +72 +73 +74 +75 +76 +77 +78 +79 +80 +81 +82 +83 +84 +85 +86 +87 -88 -92 -117 -107 +102 -90 -126 +94 +99 +110 -93 -91 +116 -97 +119 +127 -104 -118 -108 +101 -115 -124 +121 -98 -125 -106 +96 -100 +111 -113 +105 -103 -120 +95 +112 +122 -109 -89 +128 +114 -123)
(+1 +2 +3 +4 +5 +6 +7 +8 +9 +10 +11 +12 +13 +14 +15 +16 +17 +18 +19 +20 +21 +22 +23 +24 +25 +26 +27 +28 +29 +30 +31 +32 +33 +34 +35 +36 +37 +38 +39 +40 +41 +42 +43 +44 +45 +46 +47 +48 +49 +50 +51 +52 +53 +54 +55 +56 +57 +58 +59 +60 +61 +62 +63 +64 +65 +66 +67 +68 +69 +70 +71 +72 +73 +74 +75 +76 +77 +78 +79 +80 +81 +82 +83 +84 +85 +86 +87 +88 -92 -117 -107 +102 -90 -126 +94 +99 +110 -93 -91 +116 -97 +119 +127 -104 -118 -108 +101 -115 -124 +121 -98 -125 -106 +96 -100 +111 -113 +105 -103 -120 +95 +112 +122 -109 -89 +128 +114 -123)
(+1 +2 +3 +4 +5 +6 +7 +8 +9 +10 +11 +12 +13 +14 +15 +16 +17 +18 +19 +20 +21 +22 +23 +24 +25 +26 +27 +28 +29 +30 +31 +32 +33 +34 +35 +36 +37 +38 +39 +40 +41 +42 +43 +44 +45 +46 +47 +48 +49 +50 +51 +52 +53 +54 +55 +56 +57 +58 +59 +60 +61 +62 +63 +64 +65 +66 +67 +68 +69 +70 +71 +72 +73 +74 +75 +76 +77 +78 +79 +80 +81 +82 +83 +84 +85 +86 +87 +88 +89 +109 -122 -112 -95 +120 +103 -105 +113 -111 +100 -96 +106 +125 +98 -121 +124 +115 -101 +108 +118 +104 -127 -119 +97 -116 +91 +93 -110 -99 -94 +126 +90 -102 +107 +117 +92 +128 +114 -123)
(+1 +2 +3 +4 +5 +6 +7 +8 +9 +10 +11 +12 +13 +14 +15 +16 +17 +18 +19 +20 +21 +22 +23 +24 +25 +26 +27 +28 +29 +30 +31 +32 +33 +34 +35 +36 +37 +38 +39 +40 +41 +42 +43 +44 +45 +46 +47 +48 +49 +50 +51 +52 +53 +54 +55 +56 +57 +58 +59 +60 +61 +62 +63 +64 +65 +66 +67 +68 +69 +70 +71 +72 +73 +74 +75 +76 +77 +78 +79 +80 +81 +82 +83 +84 +85 +86 +87 +88 +89 -90 -126 +94 +99 +110 -93 -91 +116 -97 +119 +127 -104 -118 -108 +101 -115 -124 +121 -98 -125 -106 +96 -100 +111 -113 +105 -103 -120 +95 +112 +122 -109 -102 +107 +117 +92 +128 +114 -123)
(+1 +2 +3 +4 +5 +6 +7 +8 +9 +10 +11 +12 +13 +14 +15 +16 +17 +18 +19 +20 +21 +22 +23 +24 +25 +26 +27 +28 +29 +30 +31 +32 +33 +34 +35 +36 +37 +38 +39 +40 +41 +42 +43 +44 +45 +46 +47 +48 +49 +50 +51 +52 +53 +54 +55 +56 +57 +58 +59 +60 +61 +62 +63 +64 +65 +66 +67 +68 +69 +70 +71 +72 +73 +74 +75 +76 +77 +78 +79 +80 +81 +82 +83 +84 +85 +86 +87 +88 +89 +90 -126 +94 +99 +110 -93 -91 +116 -97 +119 +127 -104 -118 -108 +101 -115 -124 +121 -98 -125 -106 +96 -100 +111 -113 +105 -103 -120 +95 +112 +122 -109 -102 +107 +117 +92 +128 +114 -123)
(+1 +2 +3 +4 +5 +6 +7 +8 +9 +10 +11 +12 +13 +14 +15 +16 +17 +18 +19 +20 +21 +22 +23 +24 +25 +26 +27 +28 +29 +30 +31 +32 +33 +34 +35 +36 +37 +38 +39 +40 +41 +42 +43 +44 +45 +46 +47 +48 +49 +50 +51 +52 +53 +54 +55 +56 +57 +58 +59 +60 +61 +62 +63 +64 +65 +66 +67 +68 +69 +70 +71 +72 +73 +74 +75 +76 +77 +78 +79 +80 +81 +82 +83 +84 +85 +86 +87 +88 +89 +90 +91 +93 -110 -99 -94 +126 +116 -97 +119 +127 -104 -118 -108 +101 -115 -124 +121 -98 -125 -106 +96 -100 +111 -113 +105 -103 -120 +95 +112 +122 -109 -102 +107 +117 +92 +128 +114 -123)
(+1 +2 +3 +4 +5 +6 +7 +8 +9 +10 +11 +12 +13 +14 +15 +16 +17 +18 +19 +20 +21 +22 +23 +24 +25 +26 +27 +28 +29 +30 +31 +32 +33 +34 +35 +36 +37 +38 +39 +40 +41 +42 +43 +44 +45 +46 +47 +48 +49 +50 +51 +52 +53 +54 +55 +56 +57 +58 +59 +60 +61 +62 +63 +64 +65 +66 +67 +68 +69 +70 +71 +72 +73 +74 +75 +76 +77 +78 +79 +80 +81 +82 +83 +84 +85 +86 +87 +88 +89 +90 +91 -92 -117 -107 +102 +109 -122 -112 -95 +120 +103 -105 +113 -111 +100 -96 +106 +125 +98 -121 +124 +115 -101 +108 +118 +104 -127 -119 +97 -116 -126 +94 +99 +110 -93 +128 +114 -123)
(+1 +2 +3 +4 +5 +6 +7 +8 +9 +10 +11 +12 +13 +14 +15 +16 +17 +18 +19 +20 +21 +22 +23 +24 +25 +26 +27 +28 +29 +30 +31 +32 +33 +34 +35 +36 +37 +38 +39 +40 +41 +42 +43 +44 +45 +46 +47 +48 +49 +50 +51 +52 +53 +54 +55 +56 +57 +58 +59 +60 +61 +62 +63 +64 +65 +66 +67 +68 +69 +70 +71 +72 +73 +74 +75 +76 +77 +78 +79 +80 +81 +82 +83 +84 +85 +86 +87 +88 +89 +90 +91 +92 -117 -107 +102 +109 -122 -112 -95 +120 +103 -105 +113 -111 +100 -96 +106 +125 +98 -121 +124 +115 -101 +108 +118 +104 -127 -119 +97 -116 -126 +94 +99 +110 -93 +128 +114 -123)
(+1 +2 +3 +4 +5 +6 +7 +8 +9 +10 +11 +12 +13 +14 +15 +16 +17 +18 +19 +20 +21 +22 +23 +24 +25 +26 +27 +28 +29 +30 +31 +32 +33 +34 +35 +36 +37 +38 +39 +40 +41 +42 +43 +44 +45 +46 +47 +48 +49 +50 +51 +52 +53 +54 +55 +56 +57 +58 +59 +60 +61 +62 +63 +64 +65 +66 +67 +68 +69 +70 +71 +72 +73 +74 +75 +76 +77 +78 +79 +80 +81 +82 +83 +84 +85 +86 +87 +88 +89 +90 +91 +92 +93 -110 -99 -94 +126 +116 -97 +119 +127 -104 -118 -108 +101 -115 -124 +121 -98 -125 -106 +96 -100 +111 -113 +105 -103 -120 +95 +112 +122 -109 -102 +107 +117 +128 +114 -123)
(+1 +2 +3 +4 +5 +6 +7 +8 +9 +10 +11 +12 +13 +14 +15 +16 +17 +18 +19 +20 +21 +22 +23 +24 +25 +26 +27 +28 +29 +30 +31 +32 +33 +34 +35 +36 +37 +38 +39 +40 +41 +42 +43 +44 +45 +46 +47 +48 +49 +50 +51 +52 +53 +54 +55 +56 +57 +58 +59 +60 +61 +62 +63 +64 +65 +66 +67 +68 +69 +70 +71 +72 +73 +74 +75 +76 +77 +78 +79 +80 +81 +82 +83 +84 +85 +86 +87 +88 +89 +90 +91 +92 +93 +94 +99 +110 +126 +116 -97 +119 +127 -104 -118 -108 +101 -115 -124 +121 -98 -125 -106 +96 -100 +111 -113 +105 -103 -120 +95 +112 +122 -109 -102 +107 +117 +128 +114 -123)
(+1 +2 +3 +4 +5 +6 +7 +8 +9 +10 +11 +12 +13 +14 +15 +16 +17 +18 +19 +20 +21 +22 +23 +24 +25 +26 +27 +28 +29 +30 +31 +32 +33 +34 +35 +36 +37 +38 +39 +40 +41 +42 +43 +44 +45 +46 +47 +48 +49 +50 +51 +52 +53 +54 +55 +56 +57 +58 +59 +60 +61 +62 +63 +64 +65 +66 +67 +68 +69 +70 +71 +72 +73 +74 +75 +76 +77 +78 +79 +80 +81 +82 +83 +84 +85 +86 +87 +88 +89 +90 +91 +92 +93 +94 -95 +120 +103 -105 +113 -111 +100 -96 +106 +125 +98 -121 +124 +115 -101 +108 +118 +104 -127 -119 +97 -116 -126 -110 -99 +112 +122 -109 -102 +107 +117 +128 +114 -123)
(+1 +2 +3 +4 +5 +6 +7 +8 +9 +10 +11 +12 +13 +14 +15 +16 +17 +18 +19 +20 +21 +22 +23 +24 +25 +26 +27 +28 +29 +30 +31 +32 +33 +34 +35 +36 +37 +38 +39 +40 +41 +42 +43 +44 +45 +46 +47 +48 +49 +50 +51 +52 +53 +54 +55 +56 +57 +58 +59 +60 +61 +62 +63 +64 +65 +66 +67 +68 +69 +70 +71 +72 +73 +74 +75 +76 +77 +78 +79 +80 +81 +82 +83 +84 +85 +86 +87 +88 +89 +90 +91 +92 +93 +94 +95 +120 +103 -105 +113 -111 +100 -96 +106 +125 +98 -121 +124 +115 -101 +108 +118 +104 -127 -119 +97 -116 -126 -110 -99 +112 +122 -109 -102 +107 +117 +128 +114 -123)
(+1 +2 +3 +4 +5 +6 +7 +8 +9 +10 +11 +12 +13 +14 +15 +16 +17 +18 +19 +20 +21 +22 +23 +24 +25 +26 +27 +28 +29 +30 +31 +32 +33 +34 +35 +36 +37 +38 +39 +40 +41 +42 +43 +44 +45 +46 +47 +48 +49 +50 +51 +52 +53 +54 +55 +56 +57 +58 +59 +60 +61 +62 +63 +64 +65 +66 +67 +68 +69 +70 +71 +72 +73 +74 +75 +76 +77 +78 +79 +80 +81 +82 +83 +84 +85 +86 +87 +88 +89 +90 +91 +92 +93 +94 +95 +96 -100 +111 -113 +105 -103 -120 +106 +125 +98 -121 +124 +115 -101 +108 +118 +104 -127 -119 +97 -116 -126 -110 -99 +112 +122 -109 -102 +107 +117 +128 +114 -123)
(+1 +2 +3 +4 +5 +6 +7 +8 +9 +10 +11 +12 +13 +14 +15 +16 +17 +18 +19 +20 +21 +22 +23 +24 +25 +26 +27 +28 +29 +30 +31 +32 +33 +34 +35 +36 +37 +38 +39 +40 +41 +42 +43 +44 +45 +46 +47 +48 +49 +50 +51 +52 +53 +54 +55 +56 +57 +58 +59 +60 +61 +62 +63 +64 +65 +66 +67 +68 +69 +70 +71 +72 +73 +74 +75 +76 +77 +78 +79 +80 +81 +82 +83 +84 +85 +86 +87 +88 +89 +90 +91 +92 +93 +94 +95 +96 -97 +119 +127 -104 -118 -108 +101 -115 -124 +121 -98 -125 -106 +120 +103 -105 +113 -111 +100 -116 -126 -110 -99 +112 +122 -109 -102 +107 +117 +128 +114 -123)
(+1 +2 +3 +4 +5 +6 +7 +8 +9 +10 +11 +12 +13 +14 +15 +16 +17 +18 +19 +20 +21 +22 +23 +24 +25 +26 +27 +28 +29 +30 +31 +32 +33 +34 +35 +36 +37 +38 +39 +40 +41 +42 +43 +44 +45 +46 +47 +48 +49 +50 +51 +52 +53 +54 +55 +56 +57 +58 +59 +60 +61 +62 +63 +64 +65 +66 +67 +68 +69 +70 +71 +72 +73 +74 +75 +76 +77 +78 +79 +80 +81 +82 +83 +84 +85 +86 +87 +88 +89 +90 +91 +92 +93 +94 +95 +96 +97 +119 +127 -104 -118 -108 +101 -115 -124 +121 -98 -125 -106 +120 +103 -105 +113 -111 +100 -116 -126 -110 -99 +112 +122 -109 -102 +107 +117 +128 +114 -123)
(+1 +2 +3 +4 +5 +6 +7 +8 +9 +10 +11 +12 +13 +14 +15 +16 +17 +18 +19 +20 +21 +22 +23 +24 +25 +26 +27 +28 +29 +30 +31 +32 +33 +34 +35 +36 +37 +38 +39 +40 +41 +42 +43 +44 +45 +46 +47 +48 +49 +50 +51 +52 +53 +54 +55 +56 +57 +58 +59 +60 +61 +62 +63 +64 +65 +66 +67 +68 +69 +70 +71 +72 +73 +74 +75 +76 +77 +78 +79 +80 +81 +82 +83 +84 +85 +86 +87 +88 +89 +90 +91 +92 +93 +94 +95 +96 +97 +98 -121 +124 +115 -101 +108 +118 +104 -127 -119 -125 -106 +120 +103 -105 +113 -111 +100 -116 -126 -110 -99 +112 +122 -109 -102 +107 +117 +128 +114 -123)
(+1 +2 +3 +4 +5 +6 +7 +8 +9 +10 +11 +12 +13 +14 +15 +16 +17 +18 +19 +20 +21 +22 +23 +24 +25 +26 +27 +28 +29 +30 +31 +32 +33 +34 +35 +36 +37 +38 +39 +40 +41 +42 +43 +44 +45 +46 +47 +48 +49 +50 +51 +52 +53 +54 +55 +56 +57 +58 +59 +60 +61 +62 +63 +64 +65 +66 +67 +68 +69 +70 +71 +72 +73 +74 +75 +76 +77 +78 +79 +80 +81 +82 +83 +84 +85 +86 +87 +88 +89 +90 +91 +92 +93 +94 +95 +96 +97 +98 +99 +110 +126 +116 -100 +111 -113 +105 -103 -120 +106 +125 +119 +127 -104 -118 -108 +101 -115 -124 +121 +112 +122 -109 -102 +107 +117 +128 +114 -123)
(+1 +2 +3 +4 +5 +6 +7 +8 +9 +10 +11 +12 +13 +14 +15 +16 +17 +18 +19 +20 +21 +22 +23 +24 +25 +26 +27 +28 +29 +30 +31 +32 +33 +34 +35 +36 +37 +38 +39 +40 +41 +42 +43 +44 +45 +46 +47 +48 +49 +50 +51 +52 +53 +54 +55 +56 +57 +58 +59 +60 +61 +62 +63 +64 +65 +66 +67 +68 +69 +70 +71 +72 +73 +74 +75 +76 +77 +78 +79 +80 +81 +82 +83 +84 +85 +86 +87 +88 +89 +90 +91 +92 +93 +94 +95 +96 +97 +98 +99 +100 -116 -126 -110 +111 -113 +105 -103 -120 +106 +125 +119 +127 -104 -118 -108 +101 -115 -124 +121 +112 +122 -109 -102 +107 +117 +128 +114 -123)
(+1 +2 +3 +4 +5 +6 +7 +8 +9 +10 +11 +12 +13 +14 +15 +16 +17 +18 +19 +20 +21 +22 +23 +24 +25 +26 +27 +28 +29 +30 +31 +32 +33 +34 +35 +36 +37 +38 +39 +40 +41 +42 +43 +44 +45 +46 +47 +48 +49 +50 +51 +52 +53 +54 +55 +56 +57 +58 +59 +60 +61 +62 +63 +64 +65 +66 +67 +68 +69 +70 +71 +72 +73 +74 +75 +76 +77 +78 +79 +80 +81 +82 +83 +84 +85 +86 +87 +88 +89 +90 +91 +92 +93 +94 +95 +96 +97 +98 +99 +100 -101 +108 +118 +104 -127 -119 -125 -106 +120 +103 -105 +113 -111 +110 +126 +116 -115 -124 +121 +112 +122 -109 -102 +107 +117 +128 +114 -123)
(+1 +2 +3 +4 +5 +6 +7 +8 +9 +10 +11 +12 +13 +14 +15 +16 +17 +18 +19 +20 +21 +22 +23 +24 +25 +26 +27 +28 +29 +30 +31 +32 +33 +34 +35 +36 +37 +38 +39 +40 +41 +42 +43 +44 +45 +46 +47 +48 +49 +50 +51 +52 +53 +54 +55 +56 +57 +58 +59 +60 +61 +62 +63 +64 +65 +66 +67 +68 +69 +70 +71 +72 +73 +74 +75 +76 +77 +78 +79 +80 +81 +82 +83 +84 +85 +86 +87 +88 +89 +90 +91 +92 +93 +94 +95 +96 +97 +98 +99 +100 +101 +108 +118 +104 -127 -119 -125 -106 +120 +103 -105 +113 -111 +110 +126 +116 -115 -124 +121 +112 +122 -109 -102 +107 +117 +128 +114 -123)
(+1 +2 +3 +4 +5 +6 +7 +8 +9 +10 +11 +12 +13 +14 +15 +16 +17 +18 +19 +20 +21 +22 +23 +24 +25 +26 +27 +28 +29 +30 +31 +32 +33 +34 +35 +36 +37 +38 +39 +40 +41 +42 +43 +44 +45 +46 +47 +48 +49 +50 +51 +52 +53 +54 +55 +56 +57 +58 +59 +60 +61 +62 +63 +64 +65 +66 +67 +68 +69 +70 +71 +72 +73 +74 +75 +76 +77 +78 +79 +80 +81 +82 +83 +84 +85 +86 +87 +88 +89 +90 +91 +92 +93 +94 +95 +96 +97 +98 +99 +100 +101 +102 +109 -122 -112 -121 +124 +115 -116 -126 -110 +111 -113 +105 -103 -120 +106 +125 +119 +127 -104 -118 -108 +107 +117 +128 +114 -123)
(+1 +2 +3 +4 +5 +6 +7 +8 +9 +10 +11 +12 +13 +14 +15 +16 +17 +18 +19 +20 +21 +22 +23 +24 +25 +26 +27 +28 +29 +30 +31 +32 +33 +34 +35 +36 +37 +38 +39 +40 +41 +42 +43 +44 +45 +46 +47 +48 +49 +50 +51 +52 +53 +54 +55 +56 +57 +58 +59 +60 +61 +62 +63 +64 +65 +66 +67 +68 +69 +70 +71 +72 +73 +74 +75 +76 +77 +78 +79 +80 +81 +82 +83 +84 +85 +86 +87 +88 +89 +90 +91 +92 +93 +94 +95 +96 +97 +98 +99 +100 +101 +102 +103 -105 +113 -111 +110 +126 +116 -115 -124 +121 +112 +122 -109 -120 +106 +125 +119 +127 -104 -118 -108 +107 +117 +128 +114 -123)
(+1 +2 +3 +4 +5 +6 +7 +8 +9 +10 +11 +12 +13 +14 +15 +16 +17 +18 +19 +20 +21 +22 +23 +24 +25 +26 +27 +28 +29 +30 +31 +32 +33 +34 +35 +36 +37 +38 +39 +40 +41 +42 +43 +44 +45 +46 +47 +48 +49 +50 +51 +52 +53 +54 +55 +56 +57 +58 +59 +60 +61 +62 +63 +64 +65 +66 +67 +68 +69 +70 +71 +72 +73 +74 +75 +76 +77 +78 +79 +80 +81 +82 +83 +84 +85 +86 +87 +88 +89 +90 +91 +92 +93 +94 +95 +96 +97 +98 +99 +100 +101 +102 +103 +104 -127 -119 -125 -106 +120 +109 -122 -112 -121 +124 +115 -116 -126 -110 +111 -113 +105 -118 -108 +107 +117 +128 +114 -123)
(+1 +2 +3 +4 +5 +6 +7 +8 +9 +10 +11 +12 +13 +14 +15 +16 +17 +18 +19 +20 +21 +22 +23 +24 +25 +26 +27 +28 +29 +30 +31 +32 +33 +34 +35 +36 +37 +38 +39 +40 +41 +42 +43 +44 +45 +46 +47 +48 +49 +50 +51 +52 +53 +54 +55 +56 +57 +58 +59 +60 +61 +62 +63 +64 +65 +66 +67 +68 +69 +70 +71 +72 +73 +74 +75 +76 +77 +78 +79 +80 +81 +82 +83 +84 +85 +86 +87 +88 +89 +90 +91 +92 +93 +94 +95 +96 +97 +98 +99 +100 +101 +102 +103 +104 -105 +113 -111 +110 +126 +116 -115 -124 +121 +112 +122 -109 -120 +106 +125 +119 +127 -118 -108 +107 +117 +128 +114 -123)
(+1 +2 +3 +4 +5 +6 +7 +8 +9 +10 +11 +12 +13 +14 +15 +16 +17 +18 +19 +20 +21 +22 +23 +24 +25 +26 +27 +28 +29 +30 +31 +32 +33 +34 +35 +36 +37 +38 +39 +40 +41 +42 +43 +44 +45 +46 +47 +48 +49 +50 +51 +52 +53 +54 +55 +56 +57 +58 +59 +60 +61 +62 +63 +64 +65 +66 +67 +68 +69 +70 +71 +72 +73 +74 +75 +76 +77 +78 +79 +80 +81 +82 +83 +84 +85 +86 +87 +88 +89 +90 +91 +92 +93 +94 +95 +96 +97 +98 +99 +100 +101 +102 +103 +104 +105 +113 -111 +110 +126 +116 -115 -124 +121 +112 +122 -109 -120 +106 +125 +119 +127 -118 -108 +107 +117 +128 +114 -123)
(+1 +2 +3 +4 +5 +6 +7 +8 +9 +10 +11 +12 +13 +14 +15 +16 +17 +18 +19 +20 +21 +22 +23 +24 +25 +26 +27 +28 +29 +30 +31 +32 +33 +34 +35 +36 +37 +38 +39 +40 +41 +42 +43 +44 +45 +46 +47 +48 +49 +50 +51 +52 +53 +54 +55 +56 +57 +58 +59 +60 +61 +62 +63 +64 +65 +66 +67 +68 +69 +70 +71 +72 +73 +74 +75 +76 +77 +78 +79 +80 +81 +82 +83 +84 +85 +86 +87 +88 +89 +90 +91 +92 +93 +94 +95 +96 +97 +98 +99 +100 +101 +102 +103 +104 +105 -106 +120 +109 -122 -112 -121 +124 +115 -116 -126 -110 +111 -113 +125 +119 +127 -118 -108 +107 +117 +128 +114 -123)
(+1 +2 +3 +4 +5 +6 +7 +8 +9 +10 +11 +12 +13 +14 +15 +16 +17 +18 +19 +20 +21 +22 +23 +24 +25 +26 +27 +28 +29 +30 +31 +32 +33 +34 +35 +36 +37 +38 +39 +40 +41 +42 +43 +44 +45 +46 +47 +48 +49 +50 +51 +52 +53 +54 +55 +56 +57 +58 +59 +60 +61 +62 +63 +64 +65 +66 +67 +68 +69 +70 +71 +72 +73 +74 +75 +76 +77 +78 +79 +80 +81 +82 +83 +84 +85 +86 +87 +88 +89 +90 +91 +92 +93 +94 +95 +96 +97 +98 +99 +100 +101 +102 +103 +104 +105 +106 +120 +109 -122 -112 -121 +124 +115 -116 -126 -110 +111 -113 +125 +119 +127 -118 -108 +107 +117 +128 +114 -123)
(+1 +2 +3 +4 +5 +6 +7 +8 +9 +10 +11 +12 +13 +14 +15 +16 +17 +18 +19 +20 +21 +22 +23 +24 +25 +26 +27 +28 +29 +30 +31 +32 +33 +34 +35 +36 +37 +38 +39 +40 +41 +42 +43 +44 +45 +46 +47 +48 +49 +50 +51 +52 +53 +54 +55 +56 +57 +58 +59 +60 +61 +62 +63 +64 +65 +66 +67 +68 +69 +70 +71 +72 +73 +74 +75 +76 +77 +78 +79 +80 +81 +82 +83 +84 +85 +86 +87 +88 +89 +90 +91 +92 +93 +94 +95 +96 +97 +98 +99 +100 +101 +102 +103 +104 +105 +106 -107 +108 +118 -127 -119 -125 +113 -111 +110 +126 +116 -115 -124 +121 +112 +122 -109 -120 +117 +128 +114 -123)
(+1 +2 +3 +4 +5 +6 +7 +8 +9 +10 +11 +12 +13 +14 +15 +16 +17 +18 +19 +20 +21 +22 +23 +24 +25 +26 +27 +28 +29 +30 +31 +32 +33 +34 +35 +36 +37 +38 +39 +40 +41 +42 +43 +44 +45 +46 +47 +48 +49 +50 +51 +52 +53 +54 +55 +56 +57 +58 +59 +60 +61 +62 +63 +64 +65 +66 +67 +68 +69 +70 +71 +72 +73 +74 +75 +76 +77 +78 +79 +80 +81 +82 +83 +84 +85 +86 +87 +88 +89 +90 +91 +92 +93 +94 +95 +96 +97 +98 +99 +100 +101 +102 +103 +104 +105 +106 +107 +108 +118 -127 -119 -125 +113 -111 +110 +126 +116 -115 -124 +121 +112 +122 -109 -120 +117 +128 +114 -123)
(+1 +2 +3 +4 +5 +6 +7 +8 +9 +10 +11 +12 +13 +14 +15 +16 +17 +18 +19 +20 +21 +22 +23 +24 +25 +26 +27 +28 +29 +30 +31 +32 +33 +34 +35 +36 +37 +38 +39 +40 +41 +42 +43 +44 +45 +46 +47 +48 +49 +50 +51 +52 +53 +54 +55 +56 +57 +58 +59 +60 +61 +62 +63 +64 +65 +66 +67 +68 +69 +70 +71 +72 +73 +74 +75 +76 +77 +78 +79 +80 +81 +82 +83 +84 +85 +86 +87 +88 +89 +90 +91 +92 +93 +94 +95 +96 +97 +98 +99 +100 +101 +102 +103 +104 +105 +106 +107 +108 +109 -122 -112 -121 +124 +115 -116 -126 -110 +111 -113 +125 +119 +127 -118 -120 +117 +128 +114 -123)
(+1 +2 +3 +4 +5 +6 +7 +8 +9 +10 +11 +12 +13 +14 +15 +16 +17 +18 +19 +20 +21 +22 +23 +24 +25 +26 +27 +28 +29 +30 +31 +32 +33 +34 +35 +36 +37 +38 +39 +40 +41 +42 +43 +44 +45 +46 +47 +48 +49 +50 +51 +52 +53 +54 +55 +56 +57 +58 +59 +60 +61 +62 +63 +64 +65 +66 +67 +68 +69 +70 +71 +72 +73 +74 +75 +76 +77 +78 +79 +80 +81 +82 +83 +84 +85 +86 +87 +88 +89 +90 +91 +92 +93 +94 +95 +96 +97 +98 +99 +100 +101 +102 +103 +104 +105 +106 +107 +108 +109 +110 +126 +116 -115 -124 +121 +112 +122 +111 -113 +125 +119 +127 -118 -120 +117 +128 +114 -123)
(+1 +2 +3 +4 +5 +6 +7 +8 +9 +10 +11 +12 +13 +14 +15 +16 +17 +18 +19 +20 +21 +22 +23 +24 +25 +26 +27 +28 +29 +30 +31 +32 +33 +34 +35 +36 +37 +38 +39 +40 +41 +42 +43 +44 +45 +46 +47 +48 +49 +50 +51 +52 +53 +54 +55 +56 +57 +58 +59 +60 +61 +62 +63 +64 +65 +66 +67 +68 +69 +70 +71 +72 +73 +74 +75 +76 +77 +78 +79 +80 +81 +82 +83 +84 +85 +86 +87 +88 +89 +90 +91 +92 +93 +94 +95 +96 +97 +98 +99 +100 +101 +102 +103 +104 +105 +106 +107 +108 +109 +110 -111 -122 -112 -121 +124 +115 -116 -126 -113 +125 +119 +127 -118 -120 +117 +128 +114 -123)
(+1 +2 +3 +4 +5 +6 +7 +8 +9 +10 +11 +12 +13 +14 +15 +16 +17 +18 +19 +20 +21 +22 +23 +24 +25 +26 +27 +28 +29 +30 +31 +32 +33 +34 +35 +36 +37 +38 +39 +40 +41 +42 +43 +44 +45 +46 +47 +48 +49 +50 +51 +52 +53 +54 +55 +56 +57 +58 +59 +60 +61 +62 +63 +64 +65 +66 +67 +68 +69 +70 +71 +72 +73 +74 +75 +76 +77 +78 +79 +80 +81 +82 +83 +84 +85 +86 +87 +88 +89 +90 +91 +92 +93 +94 +95 +96 +97 +98 +99 +100 +101 +102 +103 +104 +105 +106 +107 +108 +109 +110 +111 -122 -112 -121 +124 +115 -116 -126 -113 +125 +119 +127 -118 -120 +117 +128 +114 -123)
(+1 +2 +3 +4 +5 +6 +7 +8 +9 +10 +11 +12 +13 +14 +15 +16 +17 +18 +19 +20 +21 +22 +23 +24 +25 +26 +27 +28 +29 +30 +31 +32 +33 +34 +35 +36 +37 +38 +39 +40 +41 +42 +43 +44 +45 +46 +47 +48 +49 +50 +51 +52 +53 +54 +55 +56 +57 +58 +59 +60 +61 +62 +63 +64 +65 +66 +67 +68 +69 +70 +71 +72 +73 +74 +75 +76 +77 +78 +79 +80 +81 +82 +83 +84 +85 +86 +87 +88 +89 +90 +91 +92 +93 +94 +95 +96 +97 +98 +99 +100 +101 +102 +103 +104 +105 +106 +107 +108 +109 +110 +111 +112 +122 -121 +124 +115 -116 -126 -113 +125 +119 +127 -118 -120 +117 +128 +114 -123)
(+1 +2 +3 +4 +5 +6 +7 +8 +9 +10 +11 +12 +13 +14 +15 +16 +17 +18 +19 +20 +21 +22 +23 +24 +25 +26 +27 +28 +29 +30 +31 +32 +33 +34 +35 +36 +37 +38 +39 +40 +41 +42 +43 +44 +45 +46 +47 +48 +49 +50 +51 +52 +53 +54 +55 +56 +57 +58 +59 +60 +61 +62 +63 +64 +65 +66 +67 +68 +69 +70 +71 +72 +73 +74 +75 +76 +77 +78 +79 +80 +81 +82 +83 +84 +85 +86 +87 +88 +89 +90 +91 +92 +93 +94 +95 +96 +97 +98 +99 +100 +101 +102 +103 +104 +105 +106 +107 +108 +109 +110 +111 +112 +113 +126 +116 -115 -124 +121 -122 +125 +119 +127 -118 -120 +117 +128 +114 -123)
(+1 +2 +3 +4 +5 +6 +7 +8 +9 +10 +11 +12 +13 +14 +15 +16 +17 +18 +19 +20 +21 +22 +23 +24 +25 +26 +27 +28 +29 +30 +31 +32 +33 +34 +35 +36 +37 +38 +39 +40 +41 +42 +43 +44 +45 +46 +47 +48 +49 +50 +51 +52 +53 +54 +55 +56 +57 +58 +59 +60 +61 +62 +63 +64 +65 +66 +67 +68 +69 +70 +71 +72 +73 +74 +75 +76 +77 +78 +79 +80 +81 +82 +83 +84 +85 +86 +87 +88 +89 +90 +91 +92 +93 +94 +95 +96 +97 +98 +99 +100 +101 +102 +103 +104 +105 +106 +107 +108 +109 +110 +111 +112 +113 -114 -128 -117 +120 +118 -127 -119 -125 +122 -121 +124 +115 -116 -126 -123)
(+1 +2 +3 +4 +5 +6 +7 +8 +9 +10 +11 +12 +13 +14 +15 +16 +17 +18 +19 +20 +21 +22 +23 +24 +25 +26 +27 +28 +29 +30 +31 +32 +33 +34 +35 +36 +37 +38 +39 +40 +41 +42 +43 +44 +45 +46 +47 +48 +49 +50 +51 +52 +53 +54 +55 +56 +57 +58 +59 +60 +61 +62 +63 +64 +65 +66 +67 +68 +69 +70 +71 +72 +73 +74 +75 +76 +77 +78 +79 +80 +81 +82 +83 +84 +85 +86 +87 +88 +89 +90 +91 +92 +93 +94 +95 +96 +97 +98 +99 +100 +101 +102 +103 +104 +105 +106 +107 +108 +109 +110 +111 +112 +113 +114 -128 -117 +120 +118 -127 -119 -125 +122 -121 +124 +115 -116 -126 -123)
(+1 +2 +3 +4 +5 +6 +7 +8 +9 +10 +11 +12 +13 +14 +15 +16 +17 +18 +19 +20 +21 +22 +23 +24 +25 +26 +27 +28 +29 +30 +31 +32 +33 +34 +35 +36 +37 +38 +39 +40 +41 +42 +43 +44 +45 +46 +47 +48 +49 +50 +51 +52 +53 +54 +55 +56 +57 +58 +59 +60 +61 +62 +63 +64 +65 +66 +67 +68 +69 +70 +71 +72 +73 +74 +75 +76 +77 +78 +79 +80 +81 +82 +83 +84 +85 +86 +87 +88 +89 +90 +91 +92 +93 +94 +95 +96 +97 +98 +99 +100 +101 +102 +103 +104 +105 +106 +107 +108 +109 +110 +111 +112 +113 +114 -115 -124 +121 -122 +125 +119 +127 -118 -120 +117 +128 -116 -126 -123)
(+1 +2 +3 +4 +5 +6 +7 +8 +9 +10 +11 +12 +13 +14 +15 +16 +17 +18 +19 +20 +21 +22 +23 +24 +25 +26 +27 +28 +29 +30 +31 +32 +33 +34 +35 +36 +37 +38 +39 +40 +41 +42 +43 +44 +45 +46 +47 +48 +49 +50 +51 +52 +53 +54 +55 +56 +57 +58 +59 +60 +61 +62 +63 +64 +65 +66 +67 +68 +69 +70 +71 +72 +73 +74 +75 +76 +77 +78 +79 +80 +81 +82 +83 +84 +85 +86 +87 +88 +89 +90 +91 +92 +93 +94 +95 +96 +97 +98 +99 +100 +101 +102 +103 +104 +105 +106 +107 +108 +109 +110 +111 +112 +113 +114 +115 -124 +121 -122 +125 +119 +127 -118 -120 +117 +128 -116 -126 -123)
(+1 +2 +3 +4 +5 +6 +7 +8 +9 +10 +11 +12 +13 +14 +15 +16 +17 +18 +19 +20 +21 +22 +23 +24 +25 +26 +27 +28 +29 +30 +31 +32 +33 +34 +35 +36 +37 +38 +39 +40 +41 +42 +43 +44 +45 +46 +47 +48 +49 +50 +51 +52 +53 +54 +55 +56 +57 +58 +59 +60 +61 +62 +63 +64 +65 +66 +67 +68 +69 +70 +71 +72 +73 +74 +75 +76 +77 +78 +79 +80 +81 +82 +83 +84 +85 +86 +87 +88 +89 +90 +91 +92 +93 +94 +95 +96 +97 +98 +99 +100 +101 +102 +103 +104 +105 +106 +107 +108 +109 +110 +111 +112 +113 +114 +115 +116 -128 -117 +120 +118 -127 -119 -125 +122 -121 +124 -126 -123)
(+1 +2 +3 +4 +5 +6 +7 +8 +9 +10 +11 +12 +13 +14 +15 +16 +17 +18 +19 +20 +21 +22 +23 +24 +25 +26 +27 +28 +29 +30 +31 +32 +33 +34 +35 +36 +37 +38 +39 +40 +41 +42 +43 +44 +45 +46 +47 +48 +49 +50 +51 +52 +53 +54 +55 +56 +57 +58 +59 +60 +61 +62 +63 +64 +65 +66 +67 +68 +69 +70 +71 +72 +73 +74 +75 +76 +77 +78 +79 +80 +81 +82 +83 +84 +85 +86 +87 +88 +89 +90 +91 +92 +93 +94 +95 +96 +97 +98 +99 +100 +101 +102 +103 +104 +105 +106 +107 +108 +109 +110 +111 +112 +113 +114 +115 +116 +117 +128 +120 +118 -127 -119 -125 +122 -121 +124 -126 -123)
(+1 +2 +3 +4 +5 +6 +7 +8 +9 +10 +11 +12 +13 +14 +15 +16 +17 +18 +19 +20 +21 +22 +23 +24 +25 +26 +27 +28 +29 +30 +31 +32 +33 +34 +35 +36 +37 +38 +39 +40 +41 +42 +43 +44 +45 +46 +47 +48 +49 +50 +51 +52 +53 +54 +55 +56 +57 +58 +59 +60 +61 +62 +63 +64 +65 +66 +67 +68 +69 +70 +71 +72 +73 +74 +75 +76 +77 +78 +79 +80 +81 +82 +83 +84 +85 +86 +87 +88 +89 +90 +91 +92 +93 +94 +95 +96 +97 +98 +99 +100 +101 +102 +103 +104 +105 +106 +107 +108 +109 +110 +111 +112 +113 +114 +115 +116 +117 -118 -120 -128 -127 -119 -125 +122 -121 +124 -126 -123)
(+1 +2 +3 +4 +5 +6 +7 +8 +9 +10 +11 +12 +13 +14 +15 +16 +17 +18 +19 +20 +21 +22 +23 +24 +25 +26 +27 +28 +29 +30 +31 +32 +33 +34 +35 +36 +37 +38 +39 +40 +41 +42 +43 +44 +45 +46 +47 +48 +49 +50 +51 +52 +53 +54 +55 +56 +57 +58 +59 +60 +61 +62 +63 +64 +65 +66 +67 +68 +69 +70 +71 +72 +73 +74 +75 +76 +77 +78 +79 +80 +81 +82 +83 +84 +85 +86 +87 +88 +89 +90 +91 +92 +93 +94 +95 +96 +97 +98 +99 +100 +101 +102 +103 +104 +105 +106 +107 +108 +109 +110 +111 +112 +113 +114 +115 +116 +117 +118 -120 -128 -127 -119 -125 +122 -121 +124 -126 -123)
(+1 +2 +3 +4 +5 +6 +7 +8 +9 +10 +11 +12 +13 +14 +15 +16 +17 +18 +19 +20 +21 +22 +23 +24 +25 +26 +27 +28 +29 +30 +31 +32 +33 +34 +35 +36 +37 +38 +39 +40 +41 +42 +43 +44 +45 +46 +47 +48 +49 +50 +51 +52 +53 +54 +55 +56 +57 +58 +59 +60 +61 +62 +63 +64 +65 +66 +67 +68 +69 +70 +71 +72 +73 +74 +75 +76 +77 +78 +79 +80 +81 +82 +83 +84 +85 +86 +87 +88 +89 +90 +91 +92 +93 +94 +95 +96 +97 +98 +99 +100 +101 +102 +103 +104 +105 +106 +107 +108 +109 +110 +111 +112 +113 +114 +115 +116 +117 +118 +119 +127 +128 +120 -125 +122 -121 +124 -126 -123)
(+1 +2 +3 +4 +5 +6 +7 +8 +9 +10 +11 +12 +13 +14 +15 +16 +17 +18 +19 +20 +21 +22 +23 +24 +25 +26 +27 +28 +29 +30 +31 +32 +33 +34 +35 +36 +37 +38 +39 +40 +41 +42 +43 +44 +45 +46 +47 +48 +49 +50 +51 +52 +53 +54 +55 +56 +57 +58 +59 +60 +61 +62 +63 +64 +65 +66 +67 +68 +69 +70 +71 +72 +73 +74 +75 +76 +77 +78 +79 +80 +81 +82 +83 +84 +85 +86 +87 +88 +89 +90 +91 +92 +93 +94 +95 +96 +97 +98 +99 +100 +101 +102 +103 +104 +105 +106 +107 +108 +109 +110 +111 +112 +113 +114 +115 +116 +117 +118 +119 -120 -128 -127 -125 +122 -121 +124 -126 -123)
(+1 +2 +3 +4 +5 +6 +7 +8 +9 +10 +11 +12 +13 +14 +15 +16 +17 +18 +19 +20 +21 +22 +23 +24 +25 +26 +27 +28 +29 +30 +31 +32 +33 +34 +35 +36 +37 +38 +39 +40 +41 +42 +43 +44 +45 +46 +47 +48 +49 +50 +51 +52 +53 +54 +55 +56 +57 +58 +59 +60 +61 +62 +63 +64 +65 +66 +67 +68 +69 +70 +71 +72 +73 +74 +75 +76 +77 +78 +79 +80 +81 +82 +83 +84 +85 +86 +87 +88 +89 +90 +91 +92 +93 +94 +95 +96 +97 +98 +99 +100 +101 +102 +103 +104 +105 +106 +107 +108 +109 +110 +111 +112 +113 +114 +115 +116 +117 +118 +119 +120 -128 -127 -125 +122 -121 +124 -126 -123)
(+1 +2 +3 +4 +5 +6 +7 +8 +9 +10 +11 +12 +13 +14 +15 +16 +17 +18 +19 +20 +21 +22 +23 +24 +25 +26 +27 +28 +29 +30 +31 +32 +33 +34 +35 +36 +37 +38 +39 +40 +41 +42 +43 +44 +45 +46 +47 +48 +49 +50 +51 +52 +53 +54 +55 +56 +57 +58 +59 +60 +61 +62 +63 +64 +65 +66 +67 +68 +69 +70 +71 +72 +73 +74 +75 +76 +77 +78 +79 +80 +81 +82 +83 +84 +85 +86 +87 +88 +89 +90 +91 +92 +93 +94 +95 +96 +97 +98 +99 +100 +101 +102 +103 +104 +105 +106 +107 +108 +109 +110 +111 +112 +113 +114 +115 +116 +117 +118 +119 +120 +121 -122 +125 +127 +128 +124 -126 -123)
(+1 +2 +3 +4 +5 +6 +7 +8 +9 +10 +11 +12 +13 +14 +15 +16 +17 +18 +19 +20 +21 +22 +23 +24 +25 +26 +27 +28 +29 +30 +31 +32 +33 +34 +35 +36 +37 +38 +39 +40 +41 +42 +43 +44 +45 +46 +47 +48 +49 +50 +51 +52 +53 +54 +55 +56 +57 +58 +59 +60 +61 +62 +63 +64 +65 +66 +67 +68 +69 +70 +71 +72 +73 +74 +75 +76 +77 +78 +79 +80 +81 +82 +83 +84 +85 +86 +87 +88 +89 +90 +91 +92 +93 +94 +95 +96 +97 +98 +99 +100 +101 +102 +103 +104 +105 +106 +107 +108 +109 +110 +111 +112 +113 +114 +115 +116 +117 +118 +119 +120 +121 +122 +125 +127 +128 +124 -126 -123)
(+1 +2 +3 +4 +5 +6 +7 +8 +9 +10 +11 +12 +13 +14 +15 +16 +17 +18 +19 +20 +21 +22 +23 +24 +25 +26 +27 +28 +29 +30 +31 +32 +33 +34 +35 +36 +37 +38 +39 +40 +41 +42 +43 +44 +45 +46 +47 +48 +49 +50 +51 +52 +53 +54 +55 +56 +57 +58 +59 +60 +61 +62 +63 +64 +65 +66 +67 +68 +69 +70 +71 +72 +73 +74 +75 +76 +77 +78 +79 +80 +81 +82 +83 +84 +85 +86 +87 +88 +89 +90 +91 +92 +93 +94 +95 +96 +97 +98 +99 +100 +101 +102 +103 +104 +105 +106 +107 +108 +109 +110 +111 +112 +113 +114 +115 +116 +117 +118 +119 +120 +121 +122 +123 +126 -124 -128 -127 -125)
(+1 +2 +3 +4 +5 +6 +7 +8 +9 +10 +11 +12 +13 +14 +15 +16 +17 +18 +19 +20 +21 +22 +23 +24 +25 +26 +27 +28 +29 +30 +31 +32 +33 +34 +35 +36 +37 +38 +39 +40 +41 +42 +43 +44 +45 +46 +47 +48 +49 +50 +51 +52 +53 +54 +55 +56 +57 +58 +59 +60 +61 +62 +63 +64 +65 +66 +67 +68 +69 +70 +71 +72 +73 +74 +75 +76 +77 +78 +79 +80 +81 +82 +83 +84 +85 +86 +87 +88 +89 +90 +91 +92 +93 +94 +95 +96 +97 +98 +99 +100 +101 +102 +103 +104 +105 +106 +107 +108 +109 +110 +111 +112 +113 +114 +115 +116 +117 +118 +119 +120 +121 +122 +123 +124 -126 -128 -127 -125)
(+1 +2 +3 +4 +5 +6 +7 +8 +9 +10 +11 +12 +13 +14 +15 +16 +17 +18 +19 +20 +21 +22 +23 +24 +25 +26 +27 +28 +29 +30 +31 +32 +33 +34 +35 +36 +37 +38 +39 +40 +41 +42 +43 +44 +45 +46 +47 +48 +49 +50 +51 +52 +53 +54 +55 +56 +57 +58 +59 +60 +61 +62 +63 +64 +65 +66 +67 +68 +69 +70 +71 +72 +73 +74 +75 +76 +77 +78 +79 +80 +81 +82 +83 +84 +85 +86 +87 +88 +89 +90 +91 +92 +93 +94 +95 +96 +97 +98 +99 +100 +101 +102 +103 +104 +105 +106 +107 +108 +109 +110 +111 +112 +113 +114 +115 +116 +117 +118 +119 +120 +121 +122 +123 +124 +125 +127 +128 +126)
(+1 +2 +3 +4 +5 +6 +7 +8 +9 +10 +11 +12 +13 +14 +15 +16 +17 +18 +19 +20 +21 +22 +23 +24 +25 +26 +27 +28 +29 +30 +31 +32 +33 +34 +35 +36 +37 +38 +39 +40 +41 +42 +43 +44 +45 +46 +47 +48 +49 +50 +51 +52 +53 +54 +55 +56 +57 +58 +59 +60 +61 +62 +63 +64 +65 +66 +67 +68 +69 +70 +71 +72 +73 +74 +75 +76 +77 +78 +79 +80 +81 +82 +83 +84 +85 +86 +87 +88 +89 +90 +91 +92 +93 +94 +95 +96 +97 +98 +99 +100 +101 +102 +103 +104 +105 +106 +107 +108 +109 +110 +111 +112 +113 +114 +115 +116 +117 +118 +119 +120 +121 +122 +123 +124 +125 -126 -128 -127)
(+1 +2 +3 +4 +5 +6 +7 +8 +9 +10 +11 +12 +13 +14 +15 +16 +17 +18 +19 +20 +21 +22 +23 +24 +25 +26 +27 +28 +29 +30 +31 +32 +33 +34 +35 +36 +37 +38 +39 +40 +41 +42 +43 +44 +45 +46 +47 +48 +49 +50 +51 +52 +53 +54 +55 +56 +57 +58 +59 +60 +61 +62 +63 +64 +65 +66 +67 +68 +69 +70 +71 +72 +73 +74 +75 +76 +77 +78 +79 +80 +81 +82 +83 +84 +85 +86 +87 +88 +89 +90 +91 +92 +93 +94 +95 +96 +97 +98 +99 +100 +101 +102 +103 +104 +105 +106 +107 +108 +109 +110 +111 +112 +113 +114 +115 +116 +117 +118 +119 +120 +121 +122 +123 +124 +125 +126 -128 -127)
(+1 +2 +3 +4 +5 +6 +7 +8 +9 +10 +11 +12 +13 +14 +15 +16 +17 +18 +19 +20 +21 +22 +23 +24 +25 +26 +27 +28 +29 +30 +31 +32 +33 +34 +35 +36 +37 +38 +39 +40 +41 +42 +43 +44 +45 +46 +47 +48 +49 +50 +51 +52 +53 +54 +55 +56 +57 +58 +59 +60 +61 +62 +63 +64 +65 +66 +67 +68 +69 +70 +71 +72 +73 +74 +75 +76 +77 +78 +79 +80 +81 +82 +83 +84 +85 +86 +87 +88 +89 +90 +91 +92 +93 +94 +95 +96 +97 +98 +99 +100 +101 +102 +103 +104 +105 +106 +107 +108 +109 +110 +111 +112 +113 +114 +115 +116 +117 +118 +119 +120 +121 +122 +123 +124 +125 +126 +127 +128)
